9.999993e-02 9.999993e-02 9.999993e-02 9.999993e-02 9.999994e-02 9.999994e-02 9.999995e-02 9.999996e-02 9.999998e-02 1.000000e-01 1.000000e-01 1.000001e-01 1.000001e-01 1.000002e-01 1.000002e-01 1.000003e-01 1.000003e-01 1.000004e-01 1.000005e-01 1.000005e-01 1.000006e-01 1.000006e-01 1.000007e-01 1.000007e-01 1.000007e-01 1.000007e-01 1.000007e-01 1.000007e-01 1.000006e-01 1.000005e-01 1.000003e-01 1.000001e-01 9.999990e-02 9.999963e-02 9.999933e-02 9.999900e-02 9.999863e-02 9.999823e-02 9.999780e-02 9.999735e-02 9.999687e-02 9.999639e-02 9.999589e-02 9.999538e-02 9.999488e-02 9.999437e-02 9.999388e-02 9.999340e-02 9.999293e-02 9.999249e-02 9.999207e-02 9.999167e-02 9.999130e-02 9.999096e-02 9.999065e-02 9.999037e-02 9.999012e-02 9.998990e-02 9.998972e-02 9.998956e-02 9.998943e-02 9.998933e-02 9.998926e-02 9.998922e-02 9.998921e-02 9.998922e-02 9.998926e-02 9.998933e-02 9.998943e-02 9.998956e-02 9.998972e-02 9.998990e-02 9.999012e-02 9.999037e-02 9.999065e-02 9.999096e-02 9.999130e-02 9.999167e-02 9.999207e-02 9.999249e-02 9.999293e-02 9.999340e-02 9.999388e-02 9.999437e-02 9.999488e-02 9.999538e-02 9.999589e-02 9.999639e-02 9.999687e-02 9.999735e-02 9.999780e-02 9.999823e-02 9.999863e-02 9.999900e-02 9.999933e-02 9.999963e-02 9.999990e-02 1.000001e-01 1.000003e-01 1.000005e-01 1.000006e-01 1.000007e-01 1.000007e-01 1.000007e-01 1.000007e-01 1.000007e-01 1.000007e-01 1.000006e-01 1.000006e-01 1.000005e-01 1.000005e-01 1.000004e-01 1.000003e-01 1.000003e-01 1.000002e-01 1.000002e-01 1.000001e-01 1.000001e-01 1.000000e-01 1.000000e-01 9.999998e-02 9.999996e-02 9.999995e-02 9.999994e-02 9.999994e-02 9.999993e-02 9.999993e-02 9.999993e-02 
9.999993e-02 9.999993e-02 9.999993e-02 9.999993e-02 9.999994e-02 9.999994e-02 9.999995e-02 9.999997e-02 9.999998e-02 1.000000e-01 1.000000e-01 1.000001e-01 1.000001e-01 1.000002e-01 1.000002e-01 1.000003e-01 1.000003e-01 1.000004e-01 1.000005e-01 1.000005e-01 1.000006e-01 1.000006e-01 1.000007e-01 1.000007e-01 1.000007e-01 1.000007e-01 1.000007e-01 1.000006e-01 1.000005e-01 1.000004e-01 1.000002e-01 1.000000e-01 9.999981e-02 9.999954e-02 9.999923e-02 9.999889e-02 9.999852e-02 9.999811e-02 9.999768e-02 9.999723e-02 9.999676e-02 9.999627e-02 9.999578e-02 9.999528e-02 9.999478e-02 9.999429e-02 9.999381e-02 9.999334e-02 9.999289e-02 9.999246e-02 9.999205e-02 9.999167e-02 9.999132e-02 9.999099e-02 9.999070e-02 9.999044e-02 9.999020e-02 9.999000e-02 9.998982e-02 9.998967e-02 9.998956e-02 9.998946e-02 9.998940e-02 9.998936e-02 9.998935e-02 9.998936e-02 9.998940e-02 9.998946e-02 9.998956e-02 9.998967e-02 9.998982e-02 9.999000e-02 9.999020e-02 9.999044e-02 9.999070e-02 9.999099e-02 9.999132e-02 9.999167e-02 9.999205e-02 9.999246e-02 9.999289e-02 9.999334e-02 9.999381e-02 9.999429e-02 9.999478e-02 9.999528e-02 9.999578e-02 9.999627e-02 9.999676e-02 9.999723e-02 9.999768e-02 9.999811e-02 9.999852e-02 9.999889e-02 9.999923e-02 9.999954e-02 9.999981e-02 1.000000e-01 1.000002e-01 1.000004e-01 1.000005e-01 1.000006e-01 1.000007e-01 1.000007e-01 1.000007e-01 1.000007e-01 1.000007e-01 1.000006e-01 1.000006e-01 1.000005e-01 1.000005e-01 1.000004e-01 1.000003e-01 1.000003e-01 1.000002e-01 1.000002e-01 1.000001e-01 1.000001e-01 1.000000e-01 1.000000e-01 9.999998e-02 9.999997e-02 9.999995e-02 9.999994e-02 9.999994e-02 9.999993e-02 9.999993e-02 9.999993e-02 
9.999993e-02 9.999993e-02 9.999993e-02 9.999994e-02 9.999994e-02 9.999995e-02 9.999996e-02 9.999998e-02 1.000000e-01 1.000000e-01 1.000000e-01 1.000001e-01 1.000001e-01 1.000002e-01 1.000002e-01 1.000003e-01 1.000003e-01 1.000004e-01 1.000005e-01 1.000005e-01 1.000006e-01 1.000006e-01 1.000006e-01 1.000006e-01 1.000006e-01 1.000006e-01 1.000006e-01 1.000005e-01 1.000004e-01 1.000002e-01 1.000000e-01 9.999980e-02 9.999955e-02 9.999926e-02 9.999894e-02 9.999858e-02 9.999819e-02 9.999778e-02 9.999735e-02 9.999690e-02 9.999643e-02 9.999595e-02 9.999548e-02 9.999500e-02 9.999453e-02 9.999406e-02 9.999362e-02 9.999319e-02 9.999278e-02 9.999239e-02 9.999204e-02 9.999171e-02 9.999140e-02 9.999113e-02 9.999088e-02 9.999066e-02 9.999047e-02 9.999031e-02 9.999017e-02 9.999006e-02 9.998997e-02 9.998990e-02 9.998985e-02 9.998982e-02 9.998981e-02 9.998982e-02 9.998985e-02 9.998990e-02 9.998997e-02 9.999006e-02 9.999017e-02 9.999031e-02 9.999047e-02 9.999066e-02 9.999088e-02 9.999113e-02 9.999140e-02 9.999171e-02 9.999204e-02 9.999239e-02 9.999278e-02 9.999319e-02 9.999362e-02 9.999406e-02 9.999453e-02 9.999500e-02 9.999548e-02 9.999595e-02 9.999643e-02 9.999690e-02 9.999735e-02 9.999778e-02 9.999819e-02 9.999858e-02 9.999894e-02 9.999926e-02 9.999955e-02 9.999980e-02 1.000000e-01 1.000002e-01 1.000004e-01 1.000005e-01 1.000006e-01 1.000006e-01 1.000006e-01 1.000006e-01 1.000006e-01 1.000006e-01 1.000006e-01 1.000005e-01 1.000005e-01 1.000004e-01 1.000003e-01 1.000003e-01 1.000002e-01 1.000002e-01 1.000001e-01 1.000001e-01 1.000000e-01 1.000000e-01 1.000000e-01 9.999998e-02 9.999996e-02 9.999995e-02 9.999994e-02 9.999994e-02 9.999993e-02 9.999993e-02 
9.999993e-02 9.999993e-02 9.999994e-02 9.999994e-02 9.999995e-02 9.999996e-02 9.999997e-02 9.999999e-02 1.000000e-01 1.000000e-01 1.000001e-01 1.000001e-01 1.000001e-01 1.000002e-01 1.000002e-01 1.000003e-01 1.000004e-01 1.000004e-01 1.000005e-01 1.000005e-01 1.000005e-01 1.000005e-01 1.000006e-01 1.000005e-01 1.000005e-01 1.000004e-01 1.000004e-01 1.000002e-01 1.000001e-01 9.999989e-02 9.999967e-02 9.999942e-02 9.999913e-02 9.999881e-02 9.999846e-02 9.999808e-02 9.999768e-02 9.999726e-02 9.999682e-02 9.999637e-02 9.999592e-02 9.999547e-02 9.999502e-02 9.999459e-02 9.999416e-02 9.999376e-02 9.999337e-02 9.999302e-02 9.999268e-02 9.999238e-02 9.999211e-02 9.999186e-02 9.999164e-02 9.999146e-02 9.999130e-02 9.999116e-02 9.999105e-02 9.999096e-02 9.999088e-02 9.999082e-02 9.999078e-02 9.999075e-02 9.999072e-02 9.999071e-02 9.999071e-02 9.999071e-02 9.999072e-02 9.999075e-02 9.999078e-02 9.999082e-02 9.999088e-02 9.999096e-02 9.999105e-02 9.999116e-02 9.999130e-02 9.999146e-02 9.999164e-02 9.999186e-02 9.999211e-02 9.999238e-02 9.999268e-02 9.999302e-02 9.999337e-02 9.999376e-02 9.999416e-02 9.999459e-02 9.999502e-02 9.999547e-02 9.999592e-02 9.999637e-02 9.999682e-02 9.999726e-02 9.999768e-02 9.999808e-02 9.999846e-02 9.999881e-02 9.999913e-02 9.999942e-02 9.999967e-02 9.999989e-02 1.000001e-01 1.000002e-01 1.000004e-01 1.000004e-01 1.000005e-01 1.000005e-01 1.000006e-01 1.000005e-01 1.000005e-01 1.000005e-01 1.000005e-01 1.000004e-01 1.000004e-01 1.000003e-01 1.000002e-01 1.000002e-01 1.000001e-01 1.000001e-01 1.000001e-01 1.000000e-01 1.000000e-01 9.999999e-02 9.999997e-02 9.999996e-02 9.999995e-02 9.999994e-02 9.999994e-02 9.999993e-02 
9.999994e-02 9.999994e-02 9.999994e-02 9.999995e-02 9.999996e-02 9.999997e-02 9.999999e-02 1.000000e-01 1.000000e-01 1.000001e-01 1.000001e-01 1.000001e-01 1.000002e-01 1.000002e-01 1.000003e-01 1.000003e-01 1.000004e-01 1.000004e-01 1.000004e-01 1.000005e-01 1.000005e-01 1.000005e-01 1.000004e-01 1.000004e-01 1.000003e-01 1.000002e-01 1.000001e-01 9.999989e-02 9.999969e-02 9.999946e-02 9.999919e-02 9.999889e-02 9.999856e-02 9.999820e-02 9.999782e-02 9.999742e-02 9.999700e-02 9.999658e-02 9.999615e-02 9.999572e-02 9.999530e-02 9.999489e-02 9.999450e-02 9.999413e-02 9.999379e-02 9.999347e-02 9.999319e-02 9.999294e-02 9.999273e-02 9.999255e-02 9.999240e-02 9.999229e-02 9.999220e-02 9.999214e-02 9.999211e-02 9.999209e-02 9.999209e-02 9.999210e-02 9.999212e-02 9.999215e-02 9.999217e-02 9.999220e-02 9.999221e-02 9.999222e-02 9.999223e-02 9.999222e-02 9.999221e-02 9.999220e-02 9.999217e-02 9.999215e-02 9.999212e-02 9.999210e-02 9.999209e-02 9.999209e-02 9.999211e-02 9.999214e-02 9.999220e-02 9.999229e-02 9.999240e-02 9.999255e-02 9.999273e-02 9.999294e-02 9.999319e-02 9.999347e-02 9.999379e-02 9.999413e-02 9.999450e-02 9.999489e-02 9.999530e-02 9.999572e-02 9.999615e-02 9.999658e-02 9.999700e-02 9.999742e-02 9.999782e-02 9.999820e-02 9.999856e-02 9.999889e-02 9.999919e-02 9.999946e-02 9.999969e-02 9.999989e-02 1.000001e-01 1.000002e-01 1.000003e-01 1.000004e-01 1.000004e-01 1.000005e-01 1.000005e-01 1.000005e-01 1.000004e-01 1.000004e-01 1.000004e-01 1.000003e-01 1.000003e-01 1.000002e-01 1.000002e-01 1.000001e-01 1.000001e-01 1.000001e-01 1.000000e-01 1.000000e-01 9.999999e-02 9.999997e-02 9.999996e-02 9.999995e-02 9.999994e-02 9.999994e-02 
9.999994e-02 9.999994e-02 9.999995e-02 9.999996e-02 9.999997e-02 9.999999e-02 1.000000e-01 1.000000e-01 1.000001e-01 1.000001e-01 1.000001e-01 1.000002e-01 1.000002e-01 1.000003e-01 1.000003e-01 1.000003e-01 1.000004e-01 1.000004e-01 1.000004e-01 1.000004e-01 1.000004e-01 1.000003e-01 1.000003e-01 1.000002e-01 1.000000e-01 9.999988e-02 9.999968e-02 9.999946e-02 9.999920e-02 9.999890e-02 9.999858e-02 9.999823e-02 9.999785e-02 9.999746e-02 9.999705e-02 9.999664e-02 9.999622e-02 9.999580e-02 9.999540e-02 9.999501e-02 9.999465e-02 9.999432e-02 9.999401e-02 9.999375e-02 9.999353e-02 9.999335e-02 9.999322e-02 9.999313e-02 9.999308e-02 9.999308e-02 9.999311e-02 9.999318e-02 9.999328e-02 9.999340e-02 9.999354e-02 9.999369e-02 9.999384e-02 9.999399e-02 9.999414e-02 9.999428e-02 9.999440e-02 9.999449e-02 9.999456e-02 9.999461e-02 9.999462e-02 9.999461e-02 9.999456e-02 9.999449e-02 9.999440e-02 9.999428e-02 9.999414e-02 9.999399e-02 9.999384e-02 9.999369e-02 9.999354e-02 9.999340e-02 9.999328e-02 9.999318e-02 9.999311e-02 9.999308e-02 9.999308e-02 9.999313e-02 9.999322e-02 9.999335e-02 9.999353e-02 9.999375e-02 9.999401e-02 9.999432e-02 9.999465e-02 9.999501e-02 9.999540e-02 9.999580e-02 9.999622e-02 9.999664e-02 9.999705e-02 9.999746e-02 9.999785e-02 9.999823e-02 9.999858e-02 9.999890e-02 9.999920e-02 9.999946e-02 9.999968e-02 9.999988e-02 1.000000e-01 1.000002e-01 1.000003e-01 1.000003e-01 1.000004e-01 1.000004e-01 1.000004e-01 1.000004e-01 1.000004e-01 1.000003e-01 1.000003e-01 1.000003e-01 1.000002e-01 1.000002e-01 1.000001e-01 1.000001e-01 1.000001e-01 1.000000e-01 1.000000e-01 9.999999e-02 9.999997e-02 9.999996e-02 9.999995e-02 9.999994e-02 
9.999995e-02 9.999995e-02 9.999996e-02 9.999997e-02 9.999999e-02 1.000000e-01 1.000000e-01 1.000001e-01 1.000001e-01 1.000001e-01 1.000002e-01 1.000002e-01 1.000003e-01 1.000003e-01 1.000003e-01 1.000004e-01 1.000004e-01 1.000004e-01 1.000003e-01 1.000003e-01 1.000002e-01 1.000002e-01 1.000000e-01 9.999988e-02 9.999970e-02 9.999947e-02 9.999922e-02 9.999892e-02 9.999860e-02 9.999825e-02 9.999787e-02 9.999747e-02 9.999705e-02 9.999663e-02 9.999621e-02 9.999580e-02 9.999539e-02 9.999502e-02 9.999467e-02 9.999436e-02 9.999409e-02 9.999388e-02 9.999372e-02 9.999361e-02 9.999357e-02 9.999358e-02 9.999366e-02 9.999379e-02 9.999397e-02 9.999421e-02 9.999448e-02 9.999479e-02 9.999513e-02 9.999548e-02 9.999585e-02 9.999622e-02 9.999657e-02 9.999691e-02 9.999722e-02 9.999750e-02 9.999774e-02 9.999793e-02 9.999807e-02 9.999816e-02 9.999819e-02 9.999816e-02 9.999807e-02 9.999793e-02 9.999774e-02 9.999750e-02 9.999722e-02 9.999691e-02 9.999657e-02 9.999622e-02 9.999585e-02 9.999548e-02 9.999513e-02 9.999479e-02 9.999448e-02 9.999421e-02 9.999397e-02 9.999379e-02 9.999366e-02 9.999358e-02 9.999357e-02 9.999361e-02 9.999372e-02 9.999388e-02 9.999409e-02 9.999436e-02 9.999467e-02 9.999502e-02 9.999539e-02 9.999580e-02 9.999621e-02 9.999663e-02 9.999705e-02 9.999747e-02 9.999787e-02 9.999825e-02 9.999860e-02 9.999892e-02 9.999922e-02 9.999947e-02 9.999970e-02 9.999988e-02 1.000000e-01 1.000002e-01 1.000002e-01 1.000003e-01 1.000003e-01 1.000004e-01 1.000004e-01 1.000004e-01 1.000003e-01 1.000003e-01 1.000003e-01 1.000002e-01 1.000002e-01 1.000001e-01 1.000001e-01 1.000001e-01 1.000000e-01 1.000000e-01 9.999999e-02 9.999997e-02 9.999996e-02 9.999995e-02 
9.999996e-02 9.999997e-02 9.999998e-02 9.999999e-02 1.000000e-01 1.000000e-01 1.000001e-01 1.000001e-01 1.000001e-01 1.000002e-01 1.000002e-01 1.000003e-01 1.000003e-01 1.000003e-01 1.000003e-01 1.000003e-01 1.000003e-01 1.000003e-01 1.000003e-01 1.000002e-01 1.000001e-01 9.999993e-02 9.999975e-02 9.999953e-02 9.999928e-02 9.999899e-02 9.999866e-02 9.999830e-02 9.999791e-02 9.999750e-02 9.999707e-02 9.999664e-02 9.999620e-02 9.999577e-02 9.999536e-02 9.999497e-02 9.999462e-02 9.999432e-02 9.999407e-02 9.999389e-02 9.999377e-02 9.999374e-02 9.999377e-02 9.999389e-02 9.999410e-02 9.999438e-02 9.999473e-02 9.999516e-02 9.999565e-02 9.999619e-02 9.999678e-02 9.999740e-02 9.999805e-02 9.999870e-02 9.999936e-02 9.999999e-02 1.000006e-01 1.000012e-01 1.000017e-01 1.000021e-01 1.000025e-01 1.000028e-01 1.000031e-01 1.000032e-01 1.000033e-01 1.000032e-01 1.000031e-01 1.000028e-01 1.000025e-01 1.000021e-01 1.000017e-01 1.000012e-01 1.000006e-01 9.999999e-02 9.999936e-02 9.999870e-02 9.999805e-02 9.999740e-02 9.999678e-02 9.999619e-02 9.999565e-02 9.999516e-02 9.999473e-02 9.999438e-02 9.999410e-02 9.999389e-02 9.999377e-02 9.999374e-02 9.999377e-02 9.999389e-02 9.999407e-02 9.999432e-02 9.999462e-02 9.999497e-02 9.999536e-02 9.999577e-02 9.999620e-02 9.999664e-02 9.999707e-02 9.999750e-02 9.999791e-02 9.999830e-02 9.999866e-02 9.999899e-02 9.999928e-02 9.999953e-02 9.999975e-02 9.999993e-02 1.000001e-01 1.000002e-01 1.000003e-01 1.000003e-01 1.000003e-01 1.000003e-01 1.000003e-01 1.000003e-01 1.000003e-01 1.000003e-01 1.000002e-01 1.000002e-01 1.000001e-01 1.000001e-01 1.000001e-01 1.000000e-01 1.000000e-01 9.999999e-02 9.999998e-02 9.999997e-02 
9.999998e-02 9.999998e-02 1.000000e-01 1.000000e-01 1.000000e-01 1.000001e-01 1.000001e-01 1.000001e-01 1.000002e-01 1.000002e-01 1.000003e-01 1.000003e-01 1.000003e-01 1.000003e-01 1.000003e-01 1.000003e-01 1.000003e-01 1.000002e-01 1.000001e-01 1.000000e-01 9.999984e-02 9.999963e-02 9.999939e-02 9.999910e-02 9.999878e-02 9.999842e-02 9.999802e-02 9.999760e-02 9.999715e-02 9.999670e-02 9.999623e-02 9.999578e-02 9.999534e-02 9.999493e-02 9.999457e-02 9.999425e-02 9.999401e-02 9.999383e-02 9.999375e-02 9.999376e-02 9.999386e-02 9.999408e-02 9.999440e-02 9.999482e-02 9.999535e-02 9.999598e-02 9.999671e-02 9.999751e-02 9.999839e-02 9.999933e-02 1.000003e-01 1.000013e-01 1.000024e-01 1.000034e-01 1.000044e-01 1.000053e-01 1.000063e-01 1.000071e-01 1.000079e-01 1.000085e-01 1.000091e-01 1.000096e-01 1.000099e-01 1.000101e-01 1.000101e-01 1.000101e-01 1.000099e-01 1.000096e-01 1.000091e-01 1.000085e-01 1.000079e-01 1.000071e-01 1.000063e-01 1.000053e-01 1.000044e-01 1.000034e-01 1.000024e-01 1.000013e-01 1.000003e-01 9.999933e-02 9.999839e-02 9.999751e-02 9.999671e-02 9.999598e-02 9.999535e-02 9.999482e-02 9.999440e-02 9.999408e-02 9.999386e-02 9.999376e-02 9.999375e-02 9.999383e-02 9.999401e-02 9.999425e-02 9.999457e-02 9.999493e-02 9.999534e-02 9.999578e-02 9.999623e-02 9.999670e-02 9.999715e-02 9.999760e-02 9.999802e-02 9.999842e-02 9.999878e-02 9.999910e-02 9.999939e-02 9.999963e-02 9.999984e-02 1.000000e-01 1.000001e-01 1.000002e-01 1.000003e-01 1.000003e-01 1.000003e-01 1.000003e-01 1.000003e-01 1.000003e-01 1.000003e-01 1.000002e-01 1.000002e-01 1.000001e-01 1.000001e-01 1.000001e-01 1.000000e-01 1.000000e-01 1.000000e-01 9.999998e-02 
1.000000e-01 1.000000e-01 1.000000e-01 1.000000e-01 1.000001e-01 1.000001e-01 1.000001e-01 1.000002e-01 1.000002e-01 1.000003e-01 1.000003e-01 1.000003e-01 1.000003e-01 1.000003e-01 1.000003e-01 1.000003e-01 1.000002e-01 1.000001e-01 9.999995e-02 9.999977e-02 9.999954e-02 9.999927e-02 9.999896e-02 9.999860e-02 9.999820e-02 9.999777e-02 9.999731e-02 9.999684e-02 9.999635e-02 9.999586e-02 9.999539e-02 9.999495e-02 9.999455e-02 9.999421e-02 9.999394e-02 9.999376e-02 9.999368e-02 9.999371e-02 9.999386e-02 9.999414e-02 9.999456e-02 9.999511e-02 9.999581e-02 9.999664e-02 9.999759e-02 9.999867e-02 9.999986e-02 1.000011e-01 1.000025e-01 1.000039e-01 1.000054e-01 1.000069e-01 1.000084e-01 1.000098e-01 1.000112e-01 1.000126e-01 1.000139e-01 1.000150e-01 1.000161e-01 1.000170e-01 1.000178e-01 1.000184e-01 1.000188e-01 1.000191e-01 1.000192e-01 1.000191e-01 1.000188e-01 1.000184e-01 1.000178e-01 1.000170e-01 1.000161e-01 1.000150e-01 1.000139e-01 1.000126e-01 1.000112e-01 1.000098e-01 1.000084e-01 1.000069e-01 1.000054e-01 1.000039e-01 1.000025e-01 1.000011e-01 9.999986e-02 9.999867e-02 9.999759e-02 9.999664e-02 9.999581e-02 9.999511e-02 9.999456e-02 9.999414e-02 9.999386e-02 9.999371e-02 9.999368e-02 9.999376e-02 9.999394e-02 9.999421e-02 9.999455e-02 9.999495e-02 9.999539e-02 9.999586e-02 9.999635e-02 9.999684e-02 9.999731e-02 9.999777e-02 9.999820e-02 9.999860e-02 9.999896e-02 9.999927e-02 9.999954e-02 9.999977e-02 9.999995e-02 1.000001e-01 1.000002e-01 1.000003e-01 1.000003e-01 1.000003e-01 1.000003e-01 1.000003e-01 1.000003e-01 1.000003e-01 1.000002e-01 1.000002e-01 1.000001e-01 1.000001e-01 1.000001e-01 1.000000e-01 1.000000e-01 1.000000e-01 
1.000000e-01 1.000000e-01 1.000000e-01 1.000001e-01 1.000001e-01 1.000001e-01 1.000002e-01 1.000002e-01 1.000003e-01 1.000003e-01 1.000003e-01 1.000003e-01 1.000003e-01 1.000003e-01 1.000003e-01 1.000002e-01 1.000001e-01 9.999992e-02 9.999972e-02 9.999947e-02 9.999918e-02 9.999884e-02 9.999845e-02 9.999802e-02 9.999756e-02 9.999707e-02 9.999656e-02 9.999604e-02 9.999554e-02 9.999505e-02 9.999461e-02 9.999423e-02 9.999392e-02 9.999371e-02 9.999360e-02 9.999363e-02 9.999379e-02 9.999411e-02 9.999459e-02 9.999525e-02 9.999608e-02 9.999708e-02 9.999826e-02 9.999959e-02 1.000011e-01 1.000027e-01 1.000045e-01 1.000063e-01 1.000083e-01 1.000103e-01 1.000123e-01 1.000143e-01 1.000163e-01 1.000183e-01 1.000202e-01 1.000220e-01 1.000237e-01 1.000252e-01 1.000266e-01 1.000278e-01 1.000288e-01 1.000296e-01 1.000301e-01 1.000305e-01 1.000306e-01 1.000305e-01 1.000301e-01 1.000296e-01 1.000288e-01 1.000278e-01 1.000266e-01 1.000252e-01 1.000237e-01 1.000220e-01 1.000202e-01 1.000183e-01 1.000163e-01 1.000143e-01 1.000123e-01 1.000103e-01 1.000083e-01 1.000063e-01 1.000045e-01 1.000027e-01 1.000011e-01 9.999959e-02 9.999826e-02 9.999708e-02 9.999608e-02 9.999525e-02 9.999459e-02 9.999411e-02 9.999379e-02 9.999363e-02 9.999360e-02 9.999371e-02 9.999392e-02 9.999423e-02 9.999461e-02 9.999505e-02 9.999554e-02 9.999604e-02 9.999656e-02 9.999707e-02 9.999756e-02 9.999802e-02 9.999845e-02 9.999884e-02 9.999918e-02 9.999947e-02 9.999972e-02 9.999992e-02 1.000001e-01 1.000002e-01 1.000003e-01 1.000003e-01 1.000003e-01 1.000003e-01 1.000003e-01 1.000003e-01 1.000003e-01 1.000002e-01 1.000002e-01 1.000001e-01 1.000001e-01 1.000001e-01 1.000000e-01 1.000000e-01 
1.000001e-01 1.000001e-01 1.000001e-01 1.000001e-01 1.000001e-01 1.000002e-01 1.000002e-01 1.000003e-01 1.000003e-01 1.000003e-01 1.000003e-01 1.000003e-01 1.000003e-01 1.000003e-01 1.000002e-01 1.000001e-01 9.999990e-02 9.999968e-02 9.999942e-02 9.999911e-02 9.999874e-02 9.999833e-02 9.999787e-02 9.999738e-02 9.999686e-02 9.999632e-02 9.999578e-02 9.999526e-02 9.999477e-02 9.999433e-02 9.999397e-02 9.999370e-02 9.999355e-02 9.999354e-02 9.999369e-02 9.999401e-02 9.999452e-02 9.999523e-02 9.999615e-02 9.999729e-02 9.999865e-02 1.000002e-01 1.000020e-01 1.000040e-01 1.000061e-01 1.000084e-01 1.000108e-01 1.000134e-01 1.000160e-01 1.000186e-01 1.000213e-01 1.000240e-01 1.000266e-01 1.000291e-01 1.000315e-01 1.000338e-01 1.000359e-01 1.000378e-01 1.000395e-01 1.000410e-01 1.000422e-01 1.000432e-01 1.000439e-01 1.000443e-01 1.000445e-01 1.000443e-01 1.000439e-01 1.000432e-01 1.000422e-01 1.000410e-01 1.000395e-01 1.000378e-01 1.000359e-01 1.000338e-01 1.000315e-01 1.000291e-01 1.000266e-01 1.000240e-01 1.000213e-01 1.000186e-01 1.000160e-01 1.000134e-01 1.000108e-01 1.000084e-01 1.000061e-01 1.000040e-01 1.000020e-01 1.000002e-01 9.999865e-02 9.999729e-02 9.999615e-02 9.999523e-02 9.999452e-02 9.999401e-02 9.999369e-02 9.999354e-02 9.999355e-02 9.999370e-02 9.999397e-02 9.999433e-02 9.999477e-02 9.999526e-02 9.999578e-02 9.999632e-02 9.999686e-02 9.999738e-02 9.999787e-02 9.999833e-02 9.999874e-02 9.999911e-02 9.999942e-02 9.999968e-02 9.999990e-02 1.000001e-01 1.000002e-01 1.000003e-01 1.000003e-01 1.000003e-01 1.000003e-01 1.000003e-01 1.000003e-01 1.000003e-01 1.000002e-01 1.000002e-01 1.000001e-01 1.000001e-01 1.000001e-01 1.000001e-01 
1.000001e-01 1.000001e-01 1.000001e-01 1.000001e-01 1.000002e-01 1.000002e-01 1.000003e-01 1.000003e-01 1.000003e-01 1.000003e-01 1.000003e-01 1.000003e-01 1.000003e-01 1.000002e-01 1.000001e-01 9.999988e-02 9.999966e-02 9.999938e-02 9.999905e-02 9.999867e-02 9.999823e-02 9.999775e-02 9.999723e-02 9.999668e-02 9.999612e-02 9.999556e-02 9.999503e-02 9.999453e-02 9.999411e-02 9.999377e-02 9.999356e-02 9.999348e-02 9.999357e-02 9.999385e-02 9.999435e-02 9.999507e-02 9.999604e-02 9.999727e-02 9.999875e-02 1.000005e-01 1.000025e-01 1.000048e-01 1.000073e-01 1.000100e-01 1.000129e-01 1.000159e-01 1.000191e-01 1.000224e-01 1.000258e-01 1.000292e-01 1.000326e-01 1.000359e-01 1.000391e-01 1.000422e-01 1.000452e-01 1.000480e-01 1.000505e-01 1.000529e-01 1.000549e-01 1.000567e-01 1.000581e-01 1.000593e-01 1.000601e-01 1.000606e-01 1.000608e-01 1.000606e-01 1.000601e-01 1.000593e-01 1.000581e-01 1.000567e-01 1.000549e-01 1.000529e-01 1.000505e-01 1.000480e-01 1.000452e-01 1.000422e-01 1.000391e-01 1.000359e-01 1.000326e-01 1.000292e-01 1.000258e-01 1.000224e-01 1.000191e-01 1.000159e-01 1.000129e-01 1.000100e-01 1.000073e-01 1.000048e-01 1.000025e-01 1.000005e-01 9.999875e-02 9.999727e-02 9.999604e-02 9.999507e-02 9.999435e-02 9.999385e-02 9.999357e-02 9.999348e-02 9.999356e-02 9.999377e-02 9.999411e-02 9.999453e-02 9.999503e-02 9.999556e-02 9.999612e-02 9.999668e-02 9.999723e-02 9.999775e-02 9.999823e-02 9.999867e-02 9.999905e-02 9.999938e-02 9.999966e-02 9.999988e-02 1.000001e-01 1.000002e-01 1.000003e-01 1.000003e-01 1.000003e-01 1.000003e-01 1.000003e-01 1.000003e-01 1.000003e-01 1.000002e-01 1.000002e-01 1.000001e-01 1.000001e-01 1.000001e-01 
1.000002e-01 1.000002e-01 1.000002e-01 1.000002e-01 1.000002e-01 1.000003e-01 1.000003e-01 1.000003e-01 1.000003e-01 1.000003e-01 1.000003e-01 1.000003e-01 1.000002e-01 1.000001e-01 9.999988e-02 9.999965e-02 9.999936e-02 9.999902e-02 9.999861e-02 9.999816e-02 9.999765e-02 9.999711e-02 9.999654e-02 9.999596e-02 9.999538e-02 9.999484e-02 9.999435e-02 9.999394e-02 9.999364e-02 9.999347e-02 9.999348e-02 9.999369e-02 9.999412e-02 9.999480e-02 9.999576e-02 9.999701e-02 9.999856e-02 1.000004e-01 1.000026e-01 1.000051e-01 1.000079e-01 1.000110e-01 1.000143e-01 1.000179e-01 1.000216e-01 1.000256e-01 1.000296e-01 1.000338e-01 1.000379e-01 1.000421e-01 1.000462e-01 1.000502e-01 1.000541e-01 1.000578e-01 1.000613e-01 1.000645e-01 1.000675e-01 1.000702e-01 1.000725e-01 1.000746e-01 1.000762e-01 1.000776e-01 1.000785e-01 1.000791e-01 1.000793e-01 1.000791e-01 1.000785e-01 1.000776e-01 1.000762e-01 1.000746e-01 1.000725e-01 1.000702e-01 1.000675e-01 1.000645e-01 1.000613e-01 1.000578e-01 1.000541e-01 1.000502e-01 1.000462e-01 1.000421e-01 1.000379e-01 1.000338e-01 1.000296e-01 1.000256e-01 1.000216e-01 1.000179e-01 1.000143e-01 1.000110e-01 1.000079e-01 1.000051e-01 1.000026e-01 1.000004e-01 9.999856e-02 9.999701e-02 9.999576e-02 9.999480e-02 9.999412e-02 9.999369e-02 9.999348e-02 9.999347e-02 9.999364e-02 9.999394e-02 9.999435e-02 9.999484e-02 9.999538e-02 9.999596e-02 9.999654e-02 9.999711e-02 9.999765e-02 9.999816e-02 9.999861e-02 9.999902e-02 9.999936e-02 9.999965e-02 9.999988e-02 1.000001e-01 1.000002e-01 1.000003e-01 1.000003e-01 1.000003e-01 1.000003e-01 1.000003e-01 1.000003e-01 1.000003e-01 1.000002e-01 1.000002e-01 1.000002e-01 1.000002e-01 
1.000002e-01 1.000002e-01 1.000002e-01 1.000002e-01 1.000003e-01 1.000003e-01 1.000003e-01 1.000003e-01 1.000003e-01 1.000003e-01 1.000003e-01 1.000002e-01 1.000001e-01 9.999988e-02 9.999964e-02 9.999935e-02 9.999899e-02 9.999858e-02 9.999811e-02 9.999759e-02 9.999702e-02 9.999643e-02 9.999583e-02 9.999524e-02 9.999469e-02 9.999420e-02 9.999381e-02 9.999355e-02 9.999344e-02 9.999354e-02 9.999387e-02 9.999446e-02 9.999534e-02 9.999655e-02 9.999810e-02 1.000000e-01 1.000023e-01 1.000049e-01 1.000079e-01 1.000113e-01 1.000150e-01 1.000190e-01 1.000233e-01 1.000278e-01 1.000325e-01 1.000374e-01 1.000423e-01 1.000473e-01 1.000523e-01 1.000572e-01 1.000620e-01 1.000667e-01 1.000712e-01 1.000754e-01 1.000793e-01 1.000830e-01 1.000863e-01 1.000893e-01 1.000919e-01 1.000941e-01 1.000959e-01 1.000974e-01 1.000984e-01 1.000990e-01 1.000992e-01 1.000990e-01 1.000984e-01 1.000974e-01 1.000959e-01 1.000941e-01 1.000919e-01 1.000893e-01 1.000863e-01 1.000830e-01 1.000793e-01 1.000754e-01 1.000712e-01 1.000667e-01 1.000620e-01 1.000572e-01 1.000523e-01 1.000473e-01 1.000423e-01 1.000374e-01 1.000325e-01 1.000278e-01 1.000233e-01 1.000190e-01 1.000150e-01 1.000113e-01 1.000079e-01 1.000049e-01 1.000023e-01 1.000000e-01 9.999810e-02 9.999655e-02 9.999534e-02 9.999446e-02 9.999387e-02 9.999354e-02 9.999344e-02 9.999355e-02 9.999381e-02 9.999420e-02 9.999469e-02 9.999524e-02 9.999583e-02 9.999643e-02 9.999702e-02 9.999759e-02 9.999811e-02 9.999858e-02 9.999899e-02 9.999935e-02 9.999964e-02 9.999988e-02 1.000001e-01 1.000002e-01 1.000003e-01 1.000003e-01 1.000003e-01 1.000003e-01 1.000003e-01 1.000003e-01 1.000003e-01 1.000002e-01 1.000002e-01 1.000002e-01 
1.000003e-01 1.000003e-01 1.000003e-01 1.000003e-01 1.000003e-01 1.000003e-01 1.000004e-01 1.000003e-01 1.000003e-01 1.000003e-01 1.000002e-01 1.000001e-01 9.999988e-02 9.999965e-02 9.999935e-02 9.999899e-02 9.999856e-02 9.999808e-02 9.999754e-02 9.999696e-02 9.999635e-02 9.999574e-02 9.999514e-02 9.999458e-02 9.999410e-02 9.999372e-02 9.999350e-02 9.999346e-02 9.999364e-02 9.999410e-02 9.999485e-02 9.999595e-02 9.999742e-02 9.999928e-02 1.000016e-01 1.000043e-01 1.000074e-01 1.000109e-01 1.000149e-01 1.000193e-01 1.000240e-01 1.000290e-01 1.000343e-01 1.000398e-01 1.000455e-01 1.000513e-01 1.000572e-01 1.000630e-01 1.000687e-01 1.000744e-01 1.000798e-01 1.000850e-01 1.000899e-01 1.000946e-01 1.000988e-01 1.001027e-01 1.001063e-01 1.001094e-01 1.001121e-01 1.001144e-01 1.001163e-01 1.001178e-01 1.001188e-01 1.001195e-01 1.001197e-01 1.001195e-01 1.001188e-01 1.001178e-01 1.001163e-01 1.001144e-01 1.001121e-01 1.001094e-01 1.001063e-01 1.001027e-01 1.000988e-01 1.000946e-01 1.000899e-01 1.000850e-01 1.000798e-01 1.000744e-01 1.000687e-01 1.000630e-01 1.000572e-01 1.000513e-01 1.000455e-01 1.000398e-01 1.000343e-01 1.000290e-01 1.000240e-01 1.000193e-01 1.000149e-01 1.000109e-01 1.000074e-01 1.000043e-01 1.000016e-01 9.999928e-02 9.999742e-02 9.999595e-02 9.999485e-02 9.999410e-02 9.999364e-02 9.999346e-02 9.999350e-02 9.999372e-02 9.999410e-02 9.999458e-02 9.999514e-02 9.999574e-02 9.999635e-02 9.999696e-02 9.999754e-02 9.999808e-02 9.999856e-02 9.999899e-02 9.999935e-02 9.999965e-02 9.999988e-02 1.000001e-01 1.000002e-01 1.000003e-01 1.000003e-01 1.000003e-01 1.000004e-01 1.000003e-01 1.000003e-01 1.000003e-01 1.000003e-01 1.000003e-01 
1.000003e-01 1.000003e-01 1.000003e-01 1.000004e-01 1.000004e-01 1.000004e-01 1.000004e-01 1.000003e-01 1.000003e-01 1.000002e-01 1.000001e-01 9.999990e-02 9.999966e-02 9.999936e-02 9.999899e-02 9.999856e-02 9.999807e-02 9.999752e-02 9.999693e-02 9.999630e-02 9.999567e-02 9.999506e-02 9.999450e-02 9.999402e-02 9.999366e-02 9.999347e-02 9.999349e-02 9.999377e-02 9.999435e-02 9.999527e-02 9.999658e-02 9.999832e-02 1.000005e-01 1.000032e-01 1.000063e-01 1.000099e-01 1.000141e-01 1.000187e-01 1.000237e-01 1.000291e-01 1.000349e-01 1.000410e-01 1.000474e-01 1.000539e-01 1.000606e-01 1.000673e-01 1.000739e-01 1.000805e-01 1.000868e-01 1.000930e-01 1.000989e-01 1.001044e-01 1.001096e-01 1.001144e-01 1.001188e-01 1.001227e-01 1.001262e-01 1.001293e-01 1.001319e-01 1.001342e-01 1.001359e-01 1.001373e-01 1.001383e-01 1.001389e-01 1.001391e-01 1.001389e-01 1.001383e-01 1.001373e-01 1.001359e-01 1.001342e-01 1.001319e-01 1.001293e-01 1.001262e-01 1.001227e-01 1.001188e-01 1.001144e-01 1.001096e-01 1.001044e-01 1.000989e-01 1.000930e-01 1.000868e-01 1.000805e-01 1.000739e-01 1.000673e-01 1.000606e-01 1.000539e-01 1.000474e-01 1.000410e-01 1.000349e-01 1.000291e-01 1.000237e-01 1.000187e-01 1.000141e-01 1.000099e-01 1.000063e-01 1.000032e-01 1.000005e-01 9.999832e-02 9.999658e-02 9.999527e-02 9.999435e-02 9.999377e-02 9.999349e-02 9.999347e-02 9.999366e-02 9.999402e-02 9.999450e-02 9.999506e-02 9.999567e-02 9.999630e-02 9.999693e-02 9.999752e-02 9.999807e-02 9.999856e-02 9.999899e-02 9.999936e-02 9.999966e-02 9.999990e-02 1.000001e-01 1.000002e-01 1.000003e-01 1.000003e-01 1.000004e-01 1.000004e-01 1.000004e-01 1.000004e-01 1.000003e-01 1.000003e-01 
1.000004e-01 1.000004e-01 1.000004e-01 1.000004e-01 1.000004e-01 1.000004e-01 1.000004e-01 1.000003e-01 1.000002e-01 1.000001e-01 9.999992e-02 9.999968e-02 9.999938e-02 9.999902e-02 9.999858e-02 9.999808e-02 9.999752e-02 9.999691e-02 9.999628e-02 9.999563e-02 9.999501e-02 9.999444e-02 9.999397e-02 9.999363e-02 9.999347e-02 9.999355e-02 9.999391e-02 9.999461e-02 9.999570e-02 9.999722e-02 9.999921e-02 1.000017e-01 1.000048e-01 1.000083e-01 1.000125e-01 1.000172e-01 1.000224e-01 1.000282e-01 1.000343e-01 1.000409e-01 1.000479e-01 1.000550e-01 1.000624e-01 1.000699e-01 1.000774e-01 1.000848e-01 1.000921e-01 1.000992e-01 1.001059e-01 1.001123e-01 1.001183e-01 1.001239e-01 1.001290e-01 1.001336e-01 1.001377e-01 1.001414e-01 1.001445e-01 1.001472e-01 1.001495e-01 1.001514e-01 1.001528e-01 1.001540e-01 1.001547e-01 1.001552e-01 1.001554e-01 1.001552e-01 1.001547e-01 1.001540e-01 1.001528e-01 1.001514e-01 1.001495e-01 1.001472e-01 1.001445e-01 1.001414e-01 1.001377e-01 1.001336e-01 1.001290e-01 1.001239e-01 1.001183e-01 1.001123e-01 1.001059e-01 1.000992e-01 1.000921e-01 1.000848e-01 1.000774e-01 1.000699e-01 1.000624e-01 1.000550e-01 1.000479e-01 1.000409e-01 1.000343e-01 1.000282e-01 1.000224e-01 1.000172e-01 1.000125e-01 1.000083e-01 1.000048e-01 1.000017e-01 9.999921e-02 9.999722e-02 9.999570e-02 9.999461e-02 9.999391e-02 9.999355e-02 9.999347e-02 9.999363e-02 9.999397e-02 9.999444e-02 9.999501e-02 9.999563e-02 9.999628e-02 9.999691e-02 9.999752e-02 9.999808e-02 9.999858e-02 9.999902e-02 9.999938e-02 9.999968e-02 9.999992e-02 1.000001e-01 1.000002e-01 1.000003e-01 1.000004e-01 1.000004e-01 1.000004e-01 1.000004e-01 1.000004e-01 1.000004e-01 
1.000005e-01 1.000005e-01 1.000005e-01 1.000005e-01 1.000004e-01 1.000004e-01 1.000003e-01 1.000003e-01 1.000001e-01 9.999995e-02 9.999972e-02 9.999942e-02 9.999905e-02 9.999861e-02 9.999811e-02 9.999754e-02 9.999693e-02 9.999628e-02 9.999562e-02 9.999499e-02 9.999441e-02 9.999393e-02 9.999360e-02 9.999347e-02 9.999360e-02 9.999404e-02 9.999485e-02 9.999609e-02 9.999781e-02 1.000001e-01 1.000029e-01 1.000063e-01 1.000103e-01 1.000150e-01 1.000203e-01 1.000261e-01 1.000326e-01 1.000395e-01 1.000468e-01 1.000546e-01 1.000626e-01 1.000708e-01 1.000790e-01 1.000873e-01 1.000954e-01 1.001033e-01 1.001109e-01 1.001181e-01 1.001249e-01 1.001311e-01 1.001368e-01 1.001419e-01 1.001464e-01 1.001504e-01 1.001537e-01 1.001566e-01 1.001589e-01 1.001608e-01 1.001623e-01 1.001635e-01 1.001644e-01 1.001650e-01 1.001654e-01 1.001656e-01 1.001657e-01 1.001656e-01 1.001654e-01 1.001650e-01 1.001644e-01 1.001635e-01 1.001623e-01 1.001608e-01 1.001589e-01 1.001566e-01 1.001537e-01 1.001504e-01 1.001464e-01 1.001419e-01 1.001368e-01 1.001311e-01 1.001249e-01 1.001181e-01 1.001109e-01 1.001033e-01 1.000954e-01 1.000873e-01 1.000790e-01 1.000708e-01 1.000626e-01 1.000546e-01 1.000468e-01 1.000395e-01 1.000326e-01 1.000261e-01 1.000203e-01 1.000150e-01 1.000103e-01 1.000063e-01 1.000029e-01 1.000001e-01 9.999781e-02 9.999609e-02 9.999485e-02 9.999404e-02 9.999360e-02 9.999347e-02 9.999360e-02 9.999393e-02 9.999441e-02 9.999499e-02 9.999562e-02 9.999628e-02 9.999693e-02 9.999754e-02 9.999811e-02 9.999861e-02 9.999905e-02 9.999942e-02 9.999972e-02 9.999995e-02 1.000001e-01 1.000003e-01 1.000003e-01 1.000004e-01 1.000004e-01 1.000005e-01 1.000005e-01 1.000005e-01 
1.000005e-01 1.000005e-01 1.000005e-01 1.000005e-01 1.000005e-01 1.000004e-01 1.000003e-01 1.000002e-01 1.000000e-01 9.999977e-02 9.999947e-02 9.999911e-02 9.999867e-02 9.999816e-02 9.999759e-02 9.999696e-02 9.999630e-02 9.999563e-02 9.999499e-02 9.999440e-02 9.999392e-02 9.999359e-02 9.999348e-02 9.999365e-02 9.999415e-02 9.999506e-02 9.999644e-02 9.999834e-02 1.000008e-01 1.000039e-01 1.000077e-01 1.000122e-01 1.000173e-01 1.000232e-01 1.000297e-01 1.000368e-01 1.000444e-01 1.000526e-01 1.000611e-01 1.000699e-01 1.000788e-01 1.000879e-01 1.000968e-01 1.001055e-01 1.001139e-01 1.001219e-01 1.001293e-01 1.001362e-01 1.001423e-01 1.001478e-01 1.001525e-01 1.001565e-01 1.001598e-01 1.001623e-01 1.001643e-01 1.001656e-01 1.001666e-01 1.001671e-01 1.001673e-01 1.001673e-01 1.001671e-01 1.001670e-01 1.001668e-01 1.001667e-01 1.001666e-01 1.001667e-01 1.001668e-01 1.001670e-01 1.001671e-01 1.001673e-01 1.001673e-01 1.001671e-01 1.001666e-01 1.001656e-01 1.001643e-01 1.001623e-01 1.001598e-01 1.001565e-01 1.001525e-01 1.001478e-01 1.001423e-01 1.001362e-01 1.001293e-01 1.001219e-01 1.001139e-01 1.001055e-01 1.000968e-01 1.000879e-01 1.000788e-01 1.000699e-01 1.000611e-01 1.000526e-01 1.000444e-01 1.000368e-01 1.000297e-01 1.000232e-01 1.000173e-01 1.000122e-01 1.000077e-01 1.000039e-01 1.000008e-01 9.999834e-02 9.999644e-02 9.999506e-02 9.999415e-02 9.999365e-02 9.999348e-02 9.999359e-02 9.999392e-02 9.999440e-02 9.999499e-02 9.999563e-02 9.999630e-02 9.999696e-02 9.999759e-02 9.999816e-02 9.999867e-02 9.999911e-02 9.999947e-02 9.999977e-02 1.000000e-01 1.000002e-01 1.000003e-01 1.000004e-01 1.000005e-01 1.000005e-01 1.000005e-01 1.000005e-01 
1.000006e-01 1.000006e-01 1.000006e-01 1.000005e-01 1.000005e-01 1.000004e-01 1.000002e-01 1.000001e-01 9.999984e-02 9.999954e-02 9.999918e-02 9.999874e-02 9.999823e-02 9.999765e-02 9.999702e-02 9.999635e-02 9.999567e-02 9.999501e-02 9.999441e-02 9.999392e-02 9.999359e-02 9.999349e-02 9.999368e-02 9.999423e-02 9.999522e-02 9.999672e-02 9.999879e-02 1.000015e-01 1.000049e-01 1.000090e-01 1.000139e-01 1.000195e-01 1.000259e-01 1.000330e-01 1.000407e-01 1.000491e-01 1.000580e-01 1.000673e-01 1.000768e-01 1.000865e-01 1.000961e-01 1.001056e-01 1.001148e-01 1.001236e-01 1.001317e-01 1.001392e-01 1.001458e-01 1.001515e-01 1.001563e-01 1.001602e-01 1.001631e-01 1.001650e-01 1.001661e-01 1.001665e-01 1.001661e-01 1.001652e-01 1.001638e-01 1.001622e-01 1.001605e-01 1.001587e-01 1.001571e-01 1.001557e-01 1.001546e-01 1.001539e-01 1.001537e-01 1.001539e-01 1.001546e-01 1.001557e-01 1.001571e-01 1.001587e-01 1.001605e-01 1.001622e-01 1.001638e-01 1.001652e-01 1.001661e-01 1.001665e-01 1.001661e-01 1.001650e-01 1.001631e-01 1.001602e-01 1.001563e-01 1.001515e-01 1.001458e-01 1.001392e-01 1.001317e-01 1.001236e-01 1.001148e-01 1.001056e-01 1.000961e-01 1.000865e-01 1.000768e-01 1.000673e-01 1.000580e-01 1.000491e-01 1.000407e-01 1.000330e-01 1.000259e-01 1.000195e-01 1.000139e-01 1.000090e-01 1.000049e-01 1.000015e-01 9.999879e-02 9.999672e-02 9.999522e-02 9.999423e-02 9.999368e-02 9.999349e-02 9.999359e-02 9.999392e-02 9.999441e-02 9.999501e-02 9.999567e-02 9.999635e-02 9.999702e-02 9.999765e-02 9.999823e-02 9.999874e-02 9.999918e-02 9.999954e-02 9.999984e-02 1.000001e-01 1.000002e-01 1.000004e-01 1.000005e-01 1.000005e-01 1.000006e-01 1.000006e-01 
1.000006e-01 1.000006e-01 1.000006e-01 1.000005e-01 1.000005e-01 1.000003e-01 1.000002e-01 9.999993e-02 9.999963e-02 9.999927e-02 9.999884e-02 9.999833e-02 9.999775e-02 9.999711e-02 9.999643e-02 9.999574e-02 9.999506e-02 9.999444e-02 9.999393e-02 9.999359e-02 9.999349e-02 9.999369e-02 9.999427e-02 9.999532e-02 9.999691e-02 9.999912e-02 1.000020e-01 1.000056e-01 1.000101e-01 1.000153e-01 1.000214e-01 1.000283e-01 1.000360e-01 1.000444e-01 1.000534e-01 1.000630e-01 1.000730e-01 1.000832e-01 1.000935e-01 1.001038e-01 1.001138e-01 1.001233e-01 1.001322e-01 1.001403e-01 1.001474e-01 1.001535e-01 1.001584e-01 1.001621e-01 1.001645e-01 1.001656e-01 1.001656e-01 1.001644e-01 1.001622e-01 1.001591e-01 1.001553e-01 1.001510e-01 1.001464e-01 1.001417e-01 1.001371e-01 1.001329e-01 1.001291e-01 1.001260e-01 1.001237e-01 1.001222e-01 1.001218e-01 1.001222e-01 1.001237e-01 1.001260e-01 1.001291e-01 1.001329e-01 1.001371e-01 1.001417e-01 1.001464e-01 1.001510e-01 1.001553e-01 1.001591e-01 1.001622e-01 1.001644e-01 1.001656e-01 1.001656e-01 1.001645e-01 1.001621e-01 1.001584e-01 1.001535e-01 1.001474e-01 1.001403e-01 1.001322e-01 1.001233e-01 1.001138e-01 1.001038e-01 1.000935e-01 1.000832e-01 1.000730e-01 1.000630e-01 1.000534e-01 1.000444e-01 1.000360e-01 1.000283e-01 1.000214e-01 1.000153e-01 1.000101e-01 1.000056e-01 1.000020e-01 9.999912e-02 9.999691e-02 9.999532e-02 9.999427e-02 9.999369e-02 9.999349e-02 9.999359e-02 9.999393e-02 9.999444e-02 9.999506e-02 9.999574e-02 9.999643e-02 9.999711e-02 9.999775e-02 9.999833e-02 9.999884e-02 9.999927e-02 9.999963e-02 9.999993e-02 1.000002e-01 1.000003e-01 1.000005e-01 1.000005e-01 1.000006e-01 1.000006e-01 
1.000007e-01 1.000007e-01 1.000006e-01 1.000006e-01 1.000004e-01 1.000003e-01 1.000000e-01 9.999975e-02 9.999939e-02 9.999896e-02 9.999845e-02 9.999787e-02 9.999723e-02 9.999654e-02 9.999583e-02 9.999514e-02 9.999450e-02 9.999397e-02 9.999360e-02 9.999348e-02 9.999368e-02 9.999427e-02 9.999536e-02 9.999701e-02 9.999932e-02 1.000024e-01 1.000062e-01 1.000109e-01 1.000165e-01 1.000230e-01 1.000303e-01 1.000386e-01 1.000476e-01 1.000572e-01 1.000675e-01 1.000781e-01 1.000890e-01 1.000999e-01 1.001107e-01 1.001210e-01 1.001307e-01 1.001396e-01 1.001474e-01 1.001539e-01 1.001591e-01 1.001627e-01 1.001647e-01 1.001651e-01 1.001638e-01 1.001609e-01 1.001564e-01 1.001506e-01 1.001437e-01 1.001358e-01 1.001272e-01 1.001182e-01 1.001091e-01 1.001001e-01 1.000917e-01 1.000840e-01 1.000774e-01 1.000719e-01 1.000679e-01 1.000655e-01 1.000646e-01 1.000655e-01 1.000679e-01 1.000719e-01 1.000774e-01 1.000840e-01 1.000917e-01 1.001001e-01 1.001091e-01 1.001182e-01 1.001272e-01 1.001358e-01 1.001437e-01 1.001506e-01 1.001564e-01 1.001609e-01 1.001638e-01 1.001651e-01 1.001647e-01 1.001627e-01 1.001591e-01 1.001539e-01 1.001474e-01 1.001396e-01 1.001307e-01 1.001210e-01 1.001107e-01 1.000999e-01 1.000890e-01 1.000781e-01 1.000675e-01 1.000572e-01 1.000476e-01 1.000386e-01 1.000303e-01 1.000230e-01 1.000165e-01 1.000109e-01 1.000062e-01 1.000024e-01 9.999932e-02 9.999701e-02 9.999536e-02 9.999427e-02 9.999368e-02 9.999348e-02 9.999360e-02 9.999397e-02 9.999450e-02 9.999514e-02 9.999583e-02 9.999654e-02 9.999723e-02 9.999787e-02 9.999845e-02 9.999896e-02 9.999939e-02 9.999975e-02 1.000000e-01 1.000003e-01 1.000004e-01 1.000006e-01 1.000006e-01 1.000007e-01 
1.000007e-01 1.000007e-01 1.000006e-01 1.000005e-01 1.000004e-01 1.000002e-01 9.999988e-02 9.999953e-02 9.999910e-02 9.999860e-02 9.999802e-02 9.999738e-02 9.999668e-02 9.999596e-02 9.999524e-02 9.999458e-02 9.999402e-02 9.999363e-02 9.999347e-02 9.999365e-02 9.999423e-02 9.999532e-02 9.999701e-02 9.999939e-02 1.000025e-01 1.000066e-01 1.000115e-01 1.000174e-01 1.000242e-01 1.000320e-01 1.000407e-01 1.000502e-01 1.000605e-01 1.000714e-01 1.000826e-01 1.000941e-01 1.001056e-01 1.001167e-01 1.001273e-01 1.001371e-01 1.001457e-01 1.001530e-01 1.001587e-01 1.001626e-01 1.001645e-01 1.001643e-01 1.001619e-01 1.001574e-01 1.001507e-01 1.001420e-01 1.001314e-01 1.001193e-01 1.001058e-01 1.000914e-01 1.000763e-01 1.000610e-01 1.000458e-01 1.000313e-01 1.000177e-01 1.000055e-01 9.999507e-02 9.998659e-02 9.998036e-02 9.997654e-02 9.997526e-02 9.997654e-02 9.998036e-02 9.998659e-02 9.999507e-02 1.000055e-01 1.000177e-01 1.000313e-01 1.000458e-01 1.000610e-01 1.000763e-01 1.000914e-01 1.001058e-01 1.001193e-01 1.001314e-01 1.001420e-01 1.001507e-01 1.001574e-01 1.001619e-01 1.001643e-01 1.001645e-01 1.001626e-01 1.001587e-01 1.001530e-01 1.001457e-01 1.001371e-01 1.001273e-01 1.001167e-01 1.001056e-01 1.000941e-01 1.000826e-01 1.000714e-01 1.000605e-01 1.000502e-01 1.000407e-01 1.000320e-01 1.000242e-01 1.000174e-01 1.000115e-01 1.000066e-01 1.000025e-01 9.999939e-02 9.999701e-02 9.999532e-02 9.999423e-02 9.999365e-02 9.999347e-02 9.999363e-02 9.999402e-02 9.999458e-02 9.999524e-02 9.999596e-02 9.999668e-02 9.999738e-02 9.999802e-02 9.999860e-02 9.999910e-02 9.999953e-02 9.999988e-02 1.000002e-01 1.000004e-01 1.000005e-01 1.000006e-01 1.000007e-01 
