1.000000e-01 1.000000e-01 1.000001e-01 1.000001e-01 1.000001e-01 1.000001e-01 1.000002e-01 1.000002e-01 1.000002e-01 1.000003e-01 1.000003e-01 1.000003e-01 1.000004e-01 1.000004e-01 1.000004e-01 1.000004e-01 1.000003e-01 1.000002e-01 1.000002e-01 1.000000e-01 9.999989e-02 9.999971e-02 9.999950e-02 9.999925e-02 9.999897e-02 9.999865e-02 9.999831e-02 9.999794e-02 9.999754e-02 9.999712e-02 9.999669e-02 9.999625e-02 9.999580e-02 9.999536e-02 9.999493e-02 9.999451e-02 9.999411e-02 9.999375e-02 9.999341e-02 9.999312e-02 9.999287e-02 9.999267e-02 9.999252e-02 9.999243e-02 9.999238e-02 9.999239e-02 9.999245e-02 9.999256e-02 9.999272e-02 9.999291e-02 9.999314e-02 9.999340e-02 9.999367e-02 9.999397e-02 9.999427e-02 9.999456e-02 9.999485e-02 9.999513e-02 9.999538e-02 9.999561e-02 9.999580e-02 9.999596e-02 9.999607e-02 9.999614e-02 9.999616e-02 9.999614e-02 9.999607e-02 9.999596e-02 9.999580e-02 9.999561e-02 9.999538e-02 9.999513e-02 9.999485e-02 9.999456e-02 9.999427e-02 9.999397e-02 9.999367e-02 9.999340e-02 9.999314e-02 9.999291e-02 9.999272e-02 9.999256e-02 9.999245e-02 9.999239e-02 9.999238e-02 9.999243e-02 9.999252e-02 9.999267e-02 9.999287e-02 9.999312e-02 9.999341e-02 9.999375e-02 9.999411e-02 9.999451e-02 9.999493e-02 9.999536e-02 9.999580e-02 9.999625e-02 9.999669e-02 9.999712e-02 9.999754e-02 9.999794e-02 9.999831e-02 9.999865e-02 9.999897e-02 9.999925e-02 9.999950e-02 9.999971e-02 9.999989e-02 1.000000e-01 1.000002e-01 1.000002e-01 1.000003e-01 1.000004e-01 1.000004e-01 1.000004e-01 1.000004e-01 1.000003e-01 1.000003e-01 1.000003e-01 1.000002e-01 1.000002e-01 1.000002e-01 1.000001e-01 1.000001e-01 1.000001e-01 1.000001e-01 1.000000e-01 
1.000000e-01 1.000001e-01 1.000001e-01 1.000001e-01 1.000001e-01 1.000001e-01 1.000002e-01 1.000002e-01 1.000002e-01 1.000003e-01 1.000003e-01 1.000003e-01 1.000004e-01 1.000004e-01 1.000004e-01 1.000003e-01 1.000003e-01 1.000002e-01 1.000001e-01 1.000000e-01 9.999985e-02 9.999967e-02 9.999945e-02 9.999920e-02 9.999892e-02 9.999860e-02 9.999826e-02 9.999789e-02 9.999750e-02 9.999708e-02 9.999666e-02 9.999623e-02 9.999579e-02 9.999536e-02 9.999494e-02 9.999454e-02 9.999416e-02 9.999382e-02 9.999351e-02 9.999324e-02 9.999302e-02 9.999285e-02 9.999273e-02 9.999267e-02 9.999266e-02 9.999270e-02 9.999280e-02 9.999294e-02 9.999313e-02 9.999336e-02 9.999362e-02 9.999391e-02 9.999422e-02 9.999454e-02 9.999486e-02 9.999519e-02 9.999550e-02 9.999580e-02 9.999607e-02 9.999631e-02 9.999652e-02 9.999669e-02 9.999681e-02 9.999688e-02 9.999690e-02 9.999688e-02 9.999681e-02 9.999669e-02 9.999652e-02 9.999631e-02 9.999607e-02 9.999580e-02 9.999550e-02 9.999519e-02 9.999486e-02 9.999454e-02 9.999422e-02 9.999391e-02 9.999362e-02 9.999336e-02 9.999313e-02 9.999294e-02 9.999280e-02 9.999270e-02 9.999266e-02 9.999267e-02 9.999273e-02 9.999285e-02 9.999302e-02 9.999324e-02 9.999351e-02 9.999382e-02 9.999416e-02 9.999454e-02 9.999494e-02 9.999536e-02 9.999579e-02 9.999623e-02 9.999666e-02 9.999708e-02 9.999750e-02 9.999789e-02 9.999826e-02 9.999860e-02 9.999892e-02 9.999920e-02 9.999945e-02 9.999967e-02 9.999985e-02 1.000000e-01 1.000001e-01 1.000002e-01 1.000003e-01 1.000003e-01 1.000004e-01 1.000004e-01 1.000004e-01 1.000003e-01 1.000003e-01 1.000003e-01 1.000002e-01 1.000002e-01 1.000002e-01 1.000001e-01 1.000001e-01 1.000001e-01 1.000001e-01 1.000001e-01 
1.000001e-01 1.000001e-01 1.000001e-01 1.000001e-01 1.000001e-01 1.000001e-01 1.000002e-01 1.000002e-01 1.000002e-01 1.000003e-01 1.000003e-01 1.000003e-01 1.000003e-01 1.000003e-01 1.000003e-01 1.000003e-01 1.000002e-01 1.000001e-01 1.000000e-01 9.999991e-02 9.999975e-02 9.999955e-02 9.999933e-02 9.999907e-02 9.999878e-02 9.999846e-02 9.999812e-02 9.999776e-02 9.999737e-02 9.999697e-02 9.999657e-02 9.999616e-02 9.999576e-02 9.999537e-02 9.999499e-02 9.999464e-02 9.999433e-02 9.999405e-02 9.999381e-02 9.999362e-02 9.999348e-02 9.999340e-02 9.999338e-02 9.999341e-02 9.999350e-02 9.999365e-02 9.999384e-02 9.999409e-02 9.999438e-02 9.999471e-02 9.999507e-02 9.999546e-02 9.999586e-02 9.999627e-02 9.999668e-02 9.999708e-02 9.999746e-02 9.999782e-02 9.999815e-02 9.999844e-02 9.999868e-02 9.999888e-02 9.999902e-02 9.999911e-02 9.999914e-02 9.999911e-02 9.999902e-02 9.999888e-02 9.999868e-02 9.999844e-02 9.999815e-02 9.999782e-02 9.999746e-02 9.999708e-02 9.999668e-02 9.999627e-02 9.999586e-02 9.999546e-02 9.999507e-02 9.999471e-02 9.999438e-02 9.999409e-02 9.999384e-02 9.999365e-02 9.999350e-02 9.999341e-02 9.999338e-02 9.999340e-02 9.999348e-02 9.999362e-02 9.999381e-02 9.999405e-02 9.999433e-02 9.999464e-02 9.999499e-02 9.999537e-02 9.999576e-02 9.999616e-02 9.999657e-02 9.999697e-02 9.999737e-02 9.999776e-02 9.999812e-02 9.999846e-02 9.999878e-02 9.999907e-02 9.999933e-02 9.999955e-02 9.999975e-02 9.999991e-02 1.000000e-01 1.000001e-01 1.000002e-01 1.000003e-01 1.000003e-01 1.000003e-01 1.000003e-01 1.000003e-01 1.000003e-01 1.000003e-01 1.000002e-01 1.000002e-01 1.000002e-01 1.000001e-01 1.000001e-01 1.000001e-01 1.000001e-01 1.000001e-01 
1.000001e-01 1.000001e-01 1.000001e-01 1.000001e-01 1.000001e-01 1.000002e-01 1.000002e-01 1.000002e-01 1.000002e-01 1.000003e-01 1.000003e-01 1.000003e-01 1.000003e-01 1.000003e-01 1.000002e-01 1.000002e-01 1.000001e-01 1.000000e-01 9.999990e-02 9.999975e-02 9.999957e-02 9.999936e-02 9.999912e-02 9.999885e-02 9.999856e-02 9.999824e-02 9.999790e-02 9.999755e-02 9.999718e-02 9.999681e-02 9.999644e-02 9.999608e-02 9.999573e-02 9.999541e-02 9.999511e-02 9.999485e-02 9.999464e-02 9.999447e-02 9.999435e-02 9.999430e-02 9.999430e-02 9.999437e-02 9.999450e-02 9.999470e-02 9.999495e-02 9.999527e-02 9.999564e-02 9.999606e-02 9.999652e-02 9.999702e-02 9.999754e-02 9.999809e-02 9.999864e-02 9.999919e-02 9.999974e-02 1.000003e-01 1.000008e-01 1.000012e-01 1.000016e-01 1.000020e-01 1.000023e-01 1.000026e-01 1.000027e-01 1.000028e-01 1.000029e-01 1.000028e-01 1.000027e-01 1.000026e-01 1.000023e-01 1.000020e-01 1.000016e-01 1.000012e-01 1.000008e-01 1.000003e-01 9.999974e-02 9.999919e-02 9.999864e-02 9.999809e-02 9.999754e-02 9.999702e-02 9.999652e-02 9.999606e-02 9.999564e-02 9.999527e-02 9.999495e-02 9.999470e-02 9.999450e-02 9.999437e-02 9.999430e-02 9.999430e-02 9.999435e-02 9.999447e-02 9.999464e-02 9.999485e-02 9.999511e-02 9.999541e-02 9.999573e-02 9.999608e-02 9.999644e-02 9.999681e-02 9.999718e-02 9.999755e-02 9.999790e-02 9.999824e-02 9.999856e-02 9.999885e-02 9.999912e-02 9.999936e-02 9.999957e-02 9.999975e-02 9.999990e-02 1.000000e-01 1.000001e-01 1.000002e-01 1.000002e-01 1.000003e-01 1.000003e-01 1.000003e-01 1.000003e-01 1.000003e-01 1.000002e-01 1.000002e-01 1.000002e-01 1.000002e-01 1.000001e-01 1.000001e-01 1.000001e-01 1.000001e-01 
1.000001e-01 1.000001e-01 1.000001e-01 1.000001e-01 1.000001e-01 1.000002e-01 1.000002e-01 1.000002e-01 1.000002e-01 1.000002e-01 1.000002e-01 1.000002e-01 1.000002e-01 1.000002e-01 1.000001e-01 1.000001e-01 9.999998e-02 9.999986e-02 9.999971e-02 9.999953e-02 9.999933e-02 9.999910e-02 9.999884e-02 9.999856e-02 9.999826e-02 9.999795e-02 9.999762e-02 9.999728e-02 9.999695e-02 9.999662e-02 9.999631e-02 9.999601e-02 9.999575e-02 9.999553e-02 9.999535e-02 9.999522e-02 9.999515e-02 9.999515e-02 9.999521e-02 9.999534e-02 9.999555e-02 9.999583e-02 9.999618e-02 9.999660e-02 9.999710e-02 9.999765e-02 9.999826e-02 9.999892e-02 9.999962e-02 1.000003e-01 1.000011e-01 1.000019e-01 1.000026e-01 1.000034e-01 1.000041e-01 1.000048e-01 1.000054e-01 1.000060e-01 1.000066e-01 1.000071e-01 1.000074e-01 1.000078e-01 1.000080e-01 1.000081e-01 1.000082e-01 1.000081e-01 1.000080e-01 1.000078e-01 1.000074e-01 1.000071e-01 1.000066e-01 1.000060e-01 1.000054e-01 1.000048e-01 1.000041e-01 1.000034e-01 1.000026e-01 1.000019e-01 1.000011e-01 1.000003e-01 9.999962e-02 9.999892e-02 9.999826e-02 9.999765e-02 9.999710e-02 9.999660e-02 9.999618e-02 9.999583e-02 9.999555e-02 9.999534e-02 9.999521e-02 9.999515e-02 9.999515e-02 9.999522e-02 9.999535e-02 9.999553e-02 9.999575e-02 9.999601e-02 9.999631e-02 9.999662e-02 9.999695e-02 9.999728e-02 9.999762e-02 9.999795e-02 9.999826e-02 9.999856e-02 9.999884e-02 9.999910e-02 9.999933e-02 9.999953e-02 9.999971e-02 9.999986e-02 9.999998e-02 1.000001e-01 1.000001e-01 1.000002e-01 1.000002e-01 1.000002e-01 1.000002e-01 1.000002e-01 1.000002e-01 1.000002e-01 1.000002e-01 1.000002e-01 1.000001e-01 1.000001e-01 1.000001e-01 1.000001e-01 
1.000001e-01 1.000001e-01 1.000001e-01 1.000002e-01 1.000002e-01 1.000002e-01 1.000002e-01 1.000002e-01 1.000002e-01 1.000002e-01 1.000002e-01 1.000002e-01 1.000001e-01 1.000001e-01 1.000000e-01 9.999991e-02 9.999979e-02 9.999964e-02 9.999946e-02 9.999926e-02 9.999903e-02 9.999878e-02 9.999851e-02 9.999822e-02 9.999792e-02 9.999761e-02 9.999730e-02 9.999700e-02 9.999671e-02 9.999645e-02 9.999621e-02 9.999602e-02 9.999588e-02 9.999579e-02 9.999577e-02 9.999582e-02 9.999595e-02 9.999616e-02 9.999645e-02 9.999684e-02 9.999731e-02 9.999787e-02 9.999851e-02 9.999923e-02 1.000000e-01 1.000009e-01 1.000018e-01 1.000028e-01 1.000038e-01 1.000048e-01 1.000058e-01 1.000068e-01 1.000079e-01 1.000089e-01 1.000098e-01 1.000107e-01 1.000116e-01 1.000123e-01 1.000130e-01 1.000136e-01 1.000141e-01 1.000145e-01 1.000148e-01 1.000150e-01 1.000150e-01 1.000150e-01 1.000148e-01 1.000145e-01 1.000141e-01 1.000136e-01 1.000130e-01 1.000123e-01 1.000116e-01 1.000107e-01 1.000098e-01 1.000089e-01 1.000079e-01 1.000068e-01 1.000058e-01 1.000048e-01 1.000038e-01 1.000028e-01 1.000018e-01 1.000009e-01 1.000000e-01 9.999923e-02 9.999851e-02 9.999787e-02 9.999731e-02 9.999684e-02 9.999645e-02 9.999616e-02 9.999595e-02 9.999582e-02 9.999577e-02 9.999579e-02 9.999588e-02 9.999602e-02 9.999621e-02 9.999645e-02 9.999671e-02 9.999700e-02 9.999730e-02 9.999761e-02 9.999792e-02 9.999822e-02 9.999851e-02 9.999878e-02 9.999903e-02 9.999926e-02 9.999946e-02 9.999964e-02 9.999979e-02 9.999991e-02 1.000000e-01 1.000001e-01 1.000001e-01 1.000002e-01 1.000002e-01 1.000002e-01 1.000002e-01 1.000002e-01 1.000002e-01 1.000002e-01 1.000002e-01 1.000002e-01 1.000001e-01 1.000001e-01 
1.000002e-01 1.000002e-01 1.000002e-01 1.000002e-01 1.000002e-01 1.000002e-01 1.000002e-01 1.000002e-01 1.000002e-01 1.000002e-01 1.000001e-01 1.000001e-01 1.000000e-01 9.999995e-02 9.999984e-02 9.999971e-02 9.999956e-02 9.999937e-02 9.999917e-02 9.999894e-02 9.999868e-02 9.999841e-02 9.999813e-02 9.999783e-02 9.999754e-02 9.999725e-02 9.999698e-02 9.999673e-02 9.999651e-02 9.999634e-02 9.999622e-02 9.999616e-02 9.999618e-02 9.999628e-02 9.999646e-02 9.999674e-02 9.999712e-02 9.999761e-02 9.999820e-02 9.999890e-02 9.999970e-02 1.000006e-01 1.000016e-01 1.000027e-01 1.000038e-01 1.000051e-01 1.000063e-01 1.000077e-01 1.000090e-01 1.000104e-01 1.000118e-01 1.000131e-01 1.000144e-01 1.000157e-01 1.000169e-01 1.000181e-01 1.000191e-01 1.000201e-01 1.000209e-01 1.000217e-01 1.000223e-01 1.000228e-01 1.000231e-01 1.000233e-01 1.000234e-01 1.000233e-01 1.000231e-01 1.000228e-01 1.000223e-01 1.000217e-01 1.000209e-01 1.000201e-01 1.000191e-01 1.000181e-01 1.000169e-01 1.000157e-01 1.000144e-01 1.000131e-01 1.000118e-01 1.000104e-01 1.000090e-01 1.000077e-01 1.000063e-01 1.000051e-01 1.000038e-01 1.000027e-01 1.000016e-01 1.000006e-01 9.999970e-02 9.999890e-02 9.999820e-02 9.999761e-02 9.999712e-02 9.999674e-02 9.999646e-02 9.999628e-02 9.999618e-02 9.999616e-02 9.999622e-02 9.999634e-02 9.999651e-02 9.999673e-02 9.999698e-02 9.999725e-02 9.999754e-02 9.999783e-02 9.999813e-02 9.999841e-02 9.999868e-02 9.999894e-02 9.999917e-02 9.999937e-02 9.999956e-02 9.999971e-02 9.999984e-02 9.999995e-02 1.000000e-01 1.000001e-01 1.000001e-01 1.000002e-01 1.000002e-01 1.000002e-01 1.000002e-01 1.000002e-01 1.000002e-01 1.000002e-01 1.000002e-01 1.000002e-01 
1.000002e-01 1.000002e-01 1.000002e-01 1.000002e-01 1.000002e-01 1.000002e-01 1.000002e-01 1.000002e-01 1.000002e-01 1.000001e-01 1.000001e-01 1.000000e-01 9.999990e-02 9.999979e-02 9.999965e-02 9.999948e-02 9.999929e-02 9.999907e-02 9.999883e-02 9.999857e-02 9.999830e-02 9.999801e-02 9.999772e-02 9.999743e-02 9.999716e-02 9.999691e-02 9.999670e-02 9.999653e-02 9.999641e-02 9.999636e-02 9.999640e-02 9.999652e-02 9.999674e-02 9.999707e-02 9.999752e-02 9.999809e-02 9.999878e-02 9.999961e-02 1.000006e-01 1.000016e-01 1.000028e-01 1.000041e-01 1.000056e-01 1.000071e-01 1.000086e-01 1.000103e-01 1.000120e-01 1.000137e-01 1.000155e-01 1.000173e-01 1.000190e-01 1.000207e-01 1.000224e-01 1.000239e-01 1.000254e-01 1.000268e-01 1.000281e-01 1.000293e-01 1.000303e-01 1.000312e-01 1.000320e-01 1.000325e-01 1.000329e-01 1.000332e-01 1.000333e-01 1.000332e-01 1.000329e-01 1.000325e-01 1.000320e-01 1.000312e-01 1.000303e-01 1.000293e-01 1.000281e-01 1.000268e-01 1.000254e-01 1.000239e-01 1.000224e-01 1.000207e-01 1.000190e-01 1.000173e-01 1.000155e-01 1.000137e-01 1.000120e-01 1.000103e-01 1.000086e-01 1.000071e-01 1.000056e-01 1.000041e-01 1.000028e-01 1.000016e-01 1.000006e-01 9.999961e-02 9.999878e-02 9.999809e-02 9.999752e-02 9.999707e-02 9.999674e-02 9.999652e-02 9.999640e-02 9.999636e-02 9.999641e-02 9.999653e-02 9.999670e-02 9.999691e-02 9.999716e-02 9.999743e-02 9.999772e-02 9.999801e-02 9.999830e-02 9.999857e-02 9.999883e-02 9.999907e-02 9.999929e-02 9.999948e-02 9.999965e-02 9.999979e-02 9.999990e-02 1.000000e-01 1.000001e-01 1.000001e-01 1.000002e-01 1.000002e-01 1.000002e-01 1.000002e-01 1.000002e-01 1.000002e-01 1.000002e-01 1.000002e-01 
1.000002e-01 1.000002e-01 1.000002e-01 1.000002e-01 1.000002e-01 1.000002e-01 1.000002e-01 1.000002e-01 1.000001e-01 1.000001e-01 9.999997e-02 9.999987e-02 9.999974e-02 9.999959e-02 9.999941e-02 9.999921e-02 9.999898e-02 9.999873e-02 9.999846e-02 9.999818e-02 9.999789e-02 9.999760e-02 9.999731e-02 9.999705e-02 9.999682e-02 9.999663e-02 9.999650e-02 9.999644e-02 9.999647e-02 9.999659e-02 9.999682e-02 9.999717e-02 9.999765e-02 9.999828e-02 9.999905e-02 9.999997e-02 1.000010e-01 1.000023e-01 1.000036e-01 1.000052e-01 1.000068e-01 1.000086e-01 1.000105e-01 1.000125e-01 1.000146e-01 1.000167e-01 1.000189e-01 1.000210e-01 1.000232e-01 1.000254e-01 1.000275e-01 1.000296e-01 1.000316e-01 1.000335e-01 1.000353e-01 1.000369e-01 1.000385e-01 1.000398e-01 1.000410e-01 1.000421e-01 1.000429e-01 1.000436e-01 1.000441e-01 1.000444e-01 1.000445e-01 1.000444e-01 1.000441e-01 1.000436e-01 1.000429e-01 1.000421e-01 1.000410e-01 1.000398e-01 1.000385e-01 1.000369e-01 1.000353e-01 1.000335e-01 1.000316e-01 1.000296e-01 1.000275e-01 1.000254e-01 1.000232e-01 1.000210e-01 1.000189e-01 1.000167e-01 1.000146e-01 1.000125e-01 1.000105e-01 1.000086e-01 1.000068e-01 1.000052e-01 1.000036e-01 1.000023e-01 1.000010e-01 9.999997e-02 9.999905e-02 9.999828e-02 9.999765e-02 9.999717e-02 9.999682e-02 9.999659e-02 9.999647e-02 9.999644e-02 9.999650e-02 9.999663e-02 9.999682e-02 9.999705e-02 9.999731e-02 9.999760e-02 9.999789e-02 9.999818e-02 9.999846e-02 9.999873e-02 9.999898e-02 9.999921e-02 9.999941e-02 9.999959e-02 9.999974e-02 9.999987e-02 9.999997e-02 1.000001e-01 1.000001e-01 1.000002e-01 1.000002e-01 1.000002e-01 1.000002e-01 1.000002e-01 1.000002e-01 1.000002e-01 
1.000003e-01 1.000003e-01 1.000003e-01 1.000003e-01 1.000002e-01 1.000002e-01 1.000002e-01 1.000001e-01 1.000001e-01 9.999996e-02 9.999985e-02 9.999971e-02 9.999955e-02 9.999936e-02 9.999915e-02 9.999891e-02 9.999864e-02 9.999836e-02 9.999807e-02 9.999777e-02 9.999747e-02 9.999719e-02 9.999694e-02 9.999672e-02 9.999656e-02 9.999647e-02 9.999646e-02 9.999655e-02 9.999676e-02 9.999710e-02 9.999758e-02 9.999822e-02 9.999902e-02 1.000000e-01 1.000012e-01 1.000025e-01 1.000040e-01 1.000057e-01 1.000076e-01 1.000096e-01 1.000118e-01 1.000141e-01 1.000165e-01 1.000190e-01 1.000216e-01 1.000243e-01 1.000269e-01 1.000296e-01 1.000322e-01 1.000348e-01 1.000373e-01 1.000398e-01 1.000421e-01 1.000443e-01 1.000463e-01 1.000482e-01 1.000499e-01 1.000515e-01 1.000528e-01 1.000540e-01 1.000549e-01 1.000557e-01 1.000562e-01 1.000565e-01 1.000566e-01 1.000565e-01 1.000562e-01 1.000557e-01 1.000549e-01 1.000540e-01 1.000528e-01 1.000515e-01 1.000499e-01 1.000482e-01 1.000463e-01 1.000443e-01 1.000421e-01 1.000398e-01 1.000373e-01 1.000348e-01 1.000322e-01 1.000296e-01 1.000269e-01 1.000243e-01 1.000216e-01 1.000190e-01 1.000165e-01 1.000141e-01 1.000118e-01 1.000096e-01 1.000076e-01 1.000057e-01 1.000040e-01 1.000025e-01 1.000012e-01 1.000000e-01 9.999902e-02 9.999822e-02 9.999758e-02 9.999710e-02 9.999676e-02 9.999655e-02 9.999646e-02 9.999647e-02 9.999656e-02 9.999672e-02 9.999694e-02 9.999719e-02 9.999747e-02 9.999777e-02 9.999807e-02 9.999836e-02 9.999864e-02 9.999891e-02 9.999915e-02 9.999936e-02 9.999955e-02 9.999971e-02 9.999985e-02 9.999996e-02 1.000001e-01 1.000001e-01 1.000002e-01 1.000002e-01 1.000002e-01 1.000003e-01 1.000003e-01 1.000003e-01 
1.000003e-01 1.000003e-01 1.000003e-01 1.000003e-01 1.000002e-01 1.000002e-01 1.000001e-01 1.000001e-01 9.999997e-02 9.999985e-02 9.999970e-02 9.999953e-02 9.999933e-02 9.999910e-02 9.999885e-02 9.999857e-02 9.999828e-02 9.999797e-02 9.999767e-02 9.999736e-02 9.999708e-02 9.999683e-02 9.999662e-02 9.999648e-02 9.999642e-02 9.999646e-02 9.999662e-02 9.999691e-02 9.999736e-02 9.999797e-02 9.999877e-02 9.999976e-02 1.000010e-01 1.000024e-01 1.000040e-01 1.000058e-01 1.000078e-01 1.000101e-01 1.000125e-01 1.000151e-01 1.000178e-01 1.000207e-01 1.000237e-01 1.000268e-01 1.000299e-01 1.000330e-01 1.000362e-01 1.000393e-01 1.000424e-01 1.000453e-01 1.000482e-01 1.000510e-01 1.000536e-01 1.000560e-01 1.000583e-01 1.000603e-01 1.000622e-01 1.000639e-01 1.000653e-01 1.000666e-01 1.000676e-01 1.000684e-01 1.000689e-01 1.000693e-01 1.000694e-01 1.000693e-01 1.000689e-01 1.000684e-01 1.000676e-01 1.000666e-01 1.000653e-01 1.000639e-01 1.000622e-01 1.000603e-01 1.000583e-01 1.000560e-01 1.000536e-01 1.000510e-01 1.000482e-01 1.000453e-01 1.000424e-01 1.000393e-01 1.000362e-01 1.000330e-01 1.000299e-01 1.000268e-01 1.000237e-01 1.000207e-01 1.000178e-01 1.000151e-01 1.000125e-01 1.000101e-01 1.000078e-01 1.000058e-01 1.000040e-01 1.000024e-01 1.000010e-01 9.999976e-02 9.999877e-02 9.999797e-02 9.999736e-02 9.999691e-02 9.999662e-02 9.999646e-02 9.999642e-02 9.999648e-02 9.999662e-02 9.999683e-02 9.999708e-02 9.999736e-02 9.999767e-02 9.999797e-02 9.999828e-02 9.999857e-02 9.999885e-02 9.999910e-02 9.999933e-02 9.999953e-02 9.999970e-02 9.999985e-02 9.999997e-02 1.000001e-01 1.000001e-01 1.000002e-01 1.000002e-01 1.000003e-01 1.000003e-01 1.000003e-01 
1.000003e-01 1.000003e-01 1.000003e-01 1.000003e-01 1.000002e-01 1.000002e-01 1.000001e-01 1.000000e-01 9.999987e-02 9.999971e-02 9.999953e-02 9.999932e-02 9.999908e-02 9.999882e-02 9.999853e-02 9.999822e-02 9.999790e-02 9.999758e-02 9.999727e-02 9.999698e-02 9.999673e-02 9.999654e-02 9.999641e-02 9.999638e-02 9.999647e-02 9.999669e-02 9.999706e-02 9.999761e-02 9.999836e-02 9.999931e-02 1.000005e-01 1.000019e-01 1.000036e-01 1.000054e-01 1.000076e-01 1.000100e-01 1.000126e-01 1.000154e-01 1.000184e-01 1.000216e-01 1.000250e-01 1.000285e-01 1.000320e-01 1.000356e-01 1.000393e-01 1.000429e-01 1.000465e-01 1.000500e-01 1.000535e-01 1.000568e-01 1.000599e-01 1.000629e-01 1.000657e-01 1.000683e-01 1.000706e-01 1.000728e-01 1.000747e-01 1.000764e-01 1.000779e-01 1.000791e-01 1.000801e-01 1.000809e-01 1.000815e-01 1.000818e-01 1.000819e-01 1.000818e-01 1.000815e-01 1.000809e-01 1.000801e-01 1.000791e-01 1.000779e-01 1.000764e-01 1.000747e-01 1.000728e-01 1.000706e-01 1.000683e-01 1.000657e-01 1.000629e-01 1.000599e-01 1.000568e-01 1.000535e-01 1.000500e-01 1.000465e-01 1.000429e-01 1.000393e-01 1.000356e-01 1.000320e-01 1.000285e-01 1.000250e-01 1.000216e-01 1.000184e-01 1.000154e-01 1.000126e-01 1.000100e-01 1.000076e-01 1.000054e-01 1.000036e-01 1.000019e-01 1.000005e-01 9.999931e-02 9.999836e-02 9.999761e-02 9.999706e-02 9.999669e-02 9.999647e-02 9.999638e-02 9.999641e-02 9.999654e-02 9.999673e-02 9.999698e-02 9.999727e-02 9.999758e-02 9.999790e-02 9.999822e-02 9.999853e-02 9.999882e-02 9.999908e-02 9.999932e-02 9.999953e-02 9.999971e-02 9.999987e-02 1.000000e-01 1.000001e-01 1.000002e-01 1.000002e-01 1.000003e-01 1.000003e-01 1.000003e-01 
1.000004e-01 1.000004e-01 1.000003e-01 1.000003e-01 1.000002e-01 1.000001e-01 1.000000e-01 9.999990e-02 9.999974e-02 9.999955e-02 9.999933e-02 9.999908e-02 9.999880e-02 9.999850e-02 9.999818e-02 9.999785e-02 9.999752e-02 9.999720e-02 9.999691e-02 9.999666e-02 9.999647e-02 9.999636e-02 9.999635e-02 9.999648e-02 9.999676e-02 9.999721e-02 9.999786e-02 9.999873e-02 9.999983e-02 1.000012e-01 1.000028e-01 1.000047e-01 1.000069e-01 1.000094e-01 1.000121e-01 1.000151e-01 1.000183e-01 1.000218e-01 1.000255e-01 1.000293e-01 1.000332e-01 1.000373e-01 1.000414e-01 1.000455e-01 1.000496e-01 1.000537e-01 1.000577e-01 1.000615e-01 1.000652e-01 1.000687e-01 1.000720e-01 1.000750e-01 1.000779e-01 1.000804e-01 1.000828e-01 1.000849e-01 1.000867e-01 1.000883e-01 1.000897e-01 1.000908e-01 1.000918e-01 1.000925e-01 1.000930e-01 1.000933e-01 1.000933e-01 1.000933e-01 1.000930e-01 1.000925e-01 1.000918e-01 1.000908e-01 1.000897e-01 1.000883e-01 1.000867e-01 1.000849e-01 1.000828e-01 1.000804e-01 1.000779e-01 1.000750e-01 1.000720e-01 1.000687e-01 1.000652e-01 1.000615e-01 1.000577e-01 1.000537e-01 1.000496e-01 1.000455e-01 1.000414e-01 1.000373e-01 1.000332e-01 1.000293e-01 1.000255e-01 1.000218e-01 1.000183e-01 1.000151e-01 1.000121e-01 1.000094e-01 1.000069e-01 1.000047e-01 1.000028e-01 1.000012e-01 9.999983e-02 9.999873e-02 9.999786e-02 9.999721e-02 9.999676e-02 9.999648e-02 9.999635e-02 9.999636e-02 9.999647e-02 9.999666e-02 9.999691e-02 9.999720e-02 9.999752e-02 9.999785e-02 9.999818e-02 9.999850e-02 9.999880e-02 9.999908e-02 9.999933e-02 9.999955e-02 9.999974e-02 9.999990e-02 1.000000e-01 1.000001e-01 1.000002e-01 1.000003e-01 1.000003e-01 1.000004e-01 
1.000004e-01 1.000004e-01 1.000003e-01 1.000003e-01 1.000002e-01 1.000001e-01 9.999995e-02 9.999979e-02 9.999959e-02 9.999936e-02 9.999910e-02 9.999882e-02 9.999850e-02 9.999817e-02 9.999783e-02 9.999749e-02 9.999715e-02 9.999685e-02 9.999660e-02 9.999641e-02 9.999631e-02 9.999633e-02 9.999649e-02 9.999682e-02 9.999735e-02 9.999809e-02 9.999908e-02 1.000003e-01 1.000019e-01 1.000037e-01 1.000059e-01 1.000083e-01 1.000111e-01 1.000142e-01 1.000176e-01 1.000212e-01 1.000251e-01 1.000293e-01 1.000335e-01 1.000380e-01 1.000425e-01 1.000471e-01 1.000517e-01 1.000563e-01 1.000607e-01 1.000651e-01 1.000693e-01 1.000732e-01 1.000770e-01 1.000805e-01 1.000837e-01 1.000867e-01 1.000893e-01 1.000917e-01 1.000938e-01 1.000956e-01 1.000972e-01 1.000985e-01 1.000996e-01 1.001005e-01 1.001012e-01 1.001017e-01 1.001021e-01 1.001023e-01 1.001023e-01 1.001023e-01 1.001021e-01 1.001017e-01 1.001012e-01 1.001005e-01 1.000996e-01 1.000985e-01 1.000972e-01 1.000956e-01 1.000938e-01 1.000917e-01 1.000893e-01 1.000867e-01 1.000837e-01 1.000805e-01 1.000770e-01 1.000732e-01 1.000693e-01 1.000651e-01 1.000607e-01 1.000563e-01 1.000517e-01 1.000471e-01 1.000425e-01 1.000380e-01 1.000335e-01 1.000293e-01 1.000251e-01 1.000212e-01 1.000176e-01 1.000142e-01 1.000111e-01 1.000083e-01 1.000059e-01 1.000037e-01 1.000019e-01 1.000003e-01 9.999908e-02 9.999809e-02 9.999735e-02 9.999682e-02 9.999649e-02 9.999633e-02 9.999631e-02 9.999641e-02 9.999660e-02 9.999685e-02 9.999715e-02 9.999749e-02 9.999783e-02 9.999817e-02 9.999850e-02 9.999882e-02 9.999910e-02 9.999936e-02 9.999959e-02 9.999979e-02 9.999995e-02 1.000001e-01 1.000002e-01 1.000003e-01 1.000003e-01 1.000004e-01 
1.000004e-01 1.000004e-01 1.000003e-01 1.000002e-01 1.000001e-01 1.000000e-01 9.999984e-02 9.999965e-02 9.999941e-02 9.999915e-02 9.999885e-02 9.999853e-02 9.999818e-02 9.999783e-02 9.999747e-02 9.999713e-02 9.999682e-02 9.999656e-02 9.999637e-02 9.999628e-02 9.999632e-02 9.999651e-02 9.999689e-02 9.999748e-02 9.999831e-02 9.999942e-02 1.000008e-01 1.000025e-01 1.000046e-01 1.000070e-01 1.000097e-01 1.000128e-01 1.000162e-01 1.000200e-01 1.000241e-01 1.000284e-01 1.000330e-01 1.000377e-01 1.000426e-01 1.000476e-01 1.000527e-01 1.000577e-01 1.000626e-01 1.000675e-01 1.000721e-01 1.000766e-01 1.000807e-01 1.000846e-01 1.000882e-01 1.000914e-01 1.000943e-01 1.000968e-01 1.000990e-01 1.001008e-01 1.001024e-01 1.001036e-01 1.001046e-01 1.001054e-01 1.001060e-01 1.001065e-01 1.001068e-01 1.001070e-01 1.001071e-01 1.001072e-01 1.001072e-01 1.001072e-01 1.001071e-01 1.001070e-01 1.001068e-01 1.001065e-01 1.001060e-01 1.001054e-01 1.001046e-01 1.001036e-01 1.001024e-01 1.001008e-01 1.000990e-01 1.000968e-01 1.000943e-01 1.000914e-01 1.000882e-01 1.000846e-01 1.000807e-01 1.000766e-01 1.000721e-01 1.000675e-01 1.000626e-01 1.000577e-01 1.000527e-01 1.000476e-01 1.000426e-01 1.000377e-01 1.000330e-01 1.000284e-01 1.000241e-01 1.000200e-01 1.000162e-01 1.000128e-01 1.000097e-01 1.000070e-01 1.000046e-01 1.000025e-01 1.000008e-01 9.999942e-02 9.999831e-02 9.999748e-02 9.999689e-02 9.999651e-02 9.999632e-02 9.999628e-02 9.999637e-02 9.999656e-02 9.999682e-02 9.999713e-02 9.999747e-02 9.999783e-02 9.999818e-02 9.999853e-02 9.999885e-02 9.999915e-02 9.999941e-02 9.999965e-02 9.999984e-02 1.000000e-01 1.000001e-01 1.000002e-01 1.000003e-01 1.000004e-01 
1.000004e-01 1.000003e-01 1.000003e-01 1.000002e-01 1.000001e-01 9.999991e-02 9.999971e-02 9.999948e-02 9.999921e-02 9.999891e-02 9.999857e-02 9.999822e-02 9.999785e-02 9.999749e-02 9.999713e-02 9.999681e-02 9.999654e-02 9.999635e-02 9.999626e-02 9.999631e-02 9.999653e-02 9.999695e-02 9.999760e-02 9.999851e-02 9.999972e-02 1.000013e-01 1.000031e-01 1.000054e-01 1.000080e-01 1.000110e-01 1.000144e-01 1.000182e-01 1.000223e-01 1.000268e-01 1.000315e-01 1.000366e-01 1.000418e-01 1.000471e-01 1.000525e-01 1.000580e-01 1.000634e-01 1.000687e-01 1.000738e-01 1.000787e-01 1.000832e-01 1.000875e-01 1.000913e-01 1.000947e-01 1.000977e-01 1.001003e-01 1.001024e-01 1.001041e-01 1.001054e-01 1.001064e-01 1.001070e-01 1.001073e-01 1.001074e-01 1.001073e-01 1.001072e-01 1.001069e-01 1.001066e-01 1.001063e-01 1.001061e-01 1.001060e-01 1.001059e-01 1.001060e-01 1.001061e-01 1.001063e-01 1.001066e-01 1.001069e-01 1.001072e-01 1.001073e-01 1.001074e-01 1.001073e-01 1.001070e-01 1.001064e-01 1.001054e-01 1.001041e-01 1.001024e-01 1.001003e-01 1.000977e-01 1.000947e-01 1.000913e-01 1.000875e-01 1.000832e-01 1.000787e-01 1.000738e-01 1.000687e-01 1.000634e-01 1.000580e-01 1.000525e-01 1.000471e-01 1.000418e-01 1.000366e-01 1.000315e-01 1.000268e-01 1.000223e-01 1.000182e-01 1.000144e-01 1.000110e-01 1.000080e-01 1.000054e-01 1.000031e-01 1.000013e-01 9.999972e-02 9.999851e-02 9.999760e-02 9.999695e-02 9.999653e-02 9.999631e-02 9.999626e-02 9.999635e-02 9.999654e-02 9.999681e-02 9.999713e-02 9.999749e-02 9.999785e-02 9.999822e-02 9.999857e-02 9.999891e-02 9.999921e-02 9.999948e-02 9.999971e-02 9.999991e-02 1.000001e-01 1.000002e-01 1.000003e-01 1.000003e-01 
1.000003e-01 1.000003e-01 1.000002e-01 1.000001e-01 9.999998e-02 9.999979e-02 9.999956e-02 9.999929e-02 9.999898e-02 9.999864e-02 9.999828e-02 9.999790e-02 9.999752e-02 9.999715e-02 9.999682e-02 9.999654e-02 9.999634e-02 9.999626e-02 9.999631e-02 9.999655e-02 9.999699e-02 9.999769e-02 9.999867e-02 9.999998e-02 1.000016e-01 1.000037e-01 1.000061e-01 1.000089e-01 1.000122e-01 1.000159e-01 1.000200e-01 1.000245e-01 1.000294e-01 1.000345e-01 1.000399e-01 1.000456e-01 1.000514e-01 1.000572e-01 1.000630e-01 1.000687e-01 1.000743e-01 1.000796e-01 1.000846e-01 1.000891e-01 1.000933e-01 1.000969e-01 1.001000e-01 1.001025e-01 1.001045e-01 1.001059e-01 1.001067e-01 1.001071e-01 1.001070e-01 1.001065e-01 1.001057e-01 1.001046e-01 1.001033e-01 1.001020e-01 1.001006e-01 1.000993e-01 1.000982e-01 1.000972e-01 1.000964e-01 1.000960e-01 1.000958e-01 1.000960e-01 1.000964e-01 1.000972e-01 1.000982e-01 1.000993e-01 1.001006e-01 1.001020e-01 1.001033e-01 1.001046e-01 1.001057e-01 1.001065e-01 1.001070e-01 1.001071e-01 1.001067e-01 1.001059e-01 1.001045e-01 1.001025e-01 1.001000e-01 1.000969e-01 1.000933e-01 1.000891e-01 1.000846e-01 1.000796e-01 1.000743e-01 1.000687e-01 1.000630e-01 1.000572e-01 1.000514e-01 1.000456e-01 1.000399e-01 1.000345e-01 1.000294e-01 1.000245e-01 1.000200e-01 1.000159e-01 1.000122e-01 1.000089e-01 1.000061e-01 1.000037e-01 1.000016e-01 9.999998e-02 9.999867e-02 9.999769e-02 9.999699e-02 9.999655e-02 9.999631e-02 9.999626e-02 9.999634e-02 9.999654e-02 9.999682e-02 9.999715e-02 9.999752e-02 9.999790e-02 9.999828e-02 9.999864e-02 9.999898e-02 9.999929e-02 9.999956e-02 9.999979e-02 9.999998e-02 1.000001e-01 1.000002e-01 1.000003e-01 
1.000002e-01 1.000002e-01 1.000001e-01 1.000000e-01 9.999986e-02 9.999964e-02 9.999937e-02 9.999907e-02 9.999873e-02 9.999836e-02 9.999797e-02 9.999758e-02 9.999720e-02 9.999685e-02 9.999656e-02 9.999635e-02 9.999626e-02 9.999631e-02 9.999655e-02 9.999702e-02 9.999776e-02 9.999880e-02 1.000002e-01 1.000019e-01 1.000041e-01 1.000067e-01 1.000098e-01 1.000133e-01 1.000173e-01 1.000217e-01 1.000265e-01 1.000317e-01 1.000373e-01 1.000431e-01 1.000492e-01 1.000553e-01 1.000615e-01 1.000677e-01 1.000736e-01 1.000794e-01 1.000848e-01 1.000897e-01 1.000942e-01 1.000980e-01 1.001012e-01 1.001037e-01 1.001054e-01 1.001065e-01 1.001068e-01 1.001063e-01 1.001053e-01 1.001036e-01 1.001015e-01 1.000989e-01 1.000960e-01 1.000929e-01 1.000897e-01 1.000866e-01 1.000836e-01 1.000809e-01 1.000785e-01 1.000765e-01 1.000751e-01 1.000742e-01 1.000739e-01 1.000742e-01 1.000751e-01 1.000765e-01 1.000785e-01 1.000809e-01 1.000836e-01 1.000866e-01 1.000897e-01 1.000929e-01 1.000960e-01 1.000989e-01 1.001015e-01 1.001036e-01 1.001053e-01 1.001063e-01 1.001068e-01 1.001065e-01 1.001054e-01 1.001037e-01 1.001012e-01 1.000980e-01 1.000942e-01 1.000897e-01 1.000848e-01 1.000794e-01 1.000736e-01 1.000677e-01 1.000615e-01 1.000553e-01 1.000492e-01 1.000431e-01 1.000373e-01 1.000317e-01 1.000265e-01 1.000217e-01 1.000173e-01 1.000133e-01 1.000098e-01 1.000067e-01 1.000041e-01 1.000019e-01 1.000002e-01 9.999880e-02 9.999776e-02 9.999702e-02 9.999655e-02 9.999631e-02 9.999626e-02 9.999635e-02 9.999656e-02 9.999685e-02 9.999720e-02 9.999758e-02 9.999797e-02 9.999836e-02 9.999873e-02 9.999907e-02 9.999937e-02 9.999964e-02 9.999986e-02 1.000000e-01 1.000001e-01 1.000002e-01 
1.000002e-01 1.000001e-01 1.000000e-01 9.999990e-02 9.999971e-02 9.999946e-02 9.999917e-02 9.999883e-02 9.999846e-02 9.999807e-02 9.999767e-02 9.999727e-02 9.999691e-02 9.999660e-02 9.999637e-02 9.999626e-02 9.999631e-02 9.999655e-02 9.999703e-02 9.999779e-02 9.999887e-02 1.000003e-01 1.000022e-01 1.000045e-01 1.000072e-01 1.000105e-01 1.000142e-01 1.000184e-01 1.000231e-01 1.000283e-01 1.000339e-01 1.000398e-01 1.000460e-01 1.000524e-01 1.000589e-01 1.000655e-01 1.000719e-01 1.000781e-01 1.000839e-01 1.000893e-01 1.000941e-01 1.000983e-01 1.001016e-01 1.001041e-01 1.001058e-01 1.001064e-01 1.001061e-01 1.001049e-01 1.001027e-01 1.000997e-01 1.000959e-01 1.000914e-01 1.000864e-01 1.000809e-01 1.000752e-01 1.000693e-01 1.000635e-01 1.000580e-01 1.000528e-01 1.000481e-01 1.000441e-01 1.000408e-01 1.000384e-01 1.000369e-01 1.000364e-01 1.000369e-01 1.000384e-01 1.000408e-01 1.000441e-01 1.000481e-01 1.000528e-01 1.000580e-01 1.000635e-01 1.000693e-01 1.000752e-01 1.000809e-01 1.000864e-01 1.000914e-01 1.000959e-01 1.000997e-01 1.001027e-01 1.001049e-01 1.001061e-01 1.001064e-01 1.001058e-01 1.001041e-01 1.001016e-01 1.000983e-01 1.000941e-01 1.000893e-01 1.000839e-01 1.000781e-01 1.000719e-01 1.000655e-01 1.000589e-01 1.000524e-01 1.000460e-01 1.000398e-01 1.000339e-01 1.000283e-01 1.000231e-01 1.000184e-01 1.000142e-01 1.000105e-01 1.000072e-01 1.000045e-01 1.000022e-01 1.000003e-01 9.999887e-02 9.999779e-02 9.999703e-02 9.999655e-02 9.999631e-02 9.999626e-02 9.999637e-02 9.999660e-02 9.999691e-02 9.999727e-02 9.999767e-02 9.999807e-02 9.999846e-02 9.999883e-02 9.999917e-02 9.999946e-02 9.999971e-02 9.999990e-02 1.000000e-01 1.000001e-01 
1.000000e-01 1.000000e-01 9.999991e-02 9.999975e-02 9.999953e-02 9.999926e-02 9.999894e-02 9.999857e-02 9.999818e-02 9.999777e-02 9.999736e-02 9.999698e-02 9.999666e-02 9.999641e-02 9.999628e-02 9.999631e-02 9.999655e-02 9.999702e-02 9.999779e-02 9.999890e-02 1.000004e-01 1.000023e-01 1.000047e-01 1.000076e-01 1.000110e-01 1.000149e-01 1.000194e-01 1.000244e-01 1.000298e-01 1.000357e-01 1.000420e-01 1.000486e-01 1.000553e-01 1.000622e-01 1.000690e-01 1.000756e-01 1.000820e-01 1.000879e-01 1.000931e-01 1.000977e-01 1.001014e-01 1.001041e-01 1.001057e-01 1.001061e-01 1.001054e-01 1.001034e-01 1.001001e-01 1.000957e-01 1.000901e-01 1.000834e-01 1.000759e-01 1.000676e-01 1.000586e-01 1.000493e-01 1.000398e-01 1.000303e-01 1.000211e-01 1.000123e-01 1.000043e-01 9.999705e-02 9.999089e-02 9.998593e-02 9.998230e-02 9.998008e-02 9.997934e-02 9.998008e-02 9.998230e-02 9.998593e-02 9.999089e-02 9.999705e-02 1.000043e-01 1.000123e-01 1.000211e-01 1.000303e-01 1.000398e-01 1.000493e-01 1.000586e-01 1.000676e-01 1.000759e-01 1.000834e-01 1.000901e-01 1.000957e-01 1.001001e-01 1.001034e-01 1.001054e-01 1.001061e-01 1.001057e-01 1.001041e-01 1.001014e-01 1.000977e-01 1.000931e-01 1.000879e-01 1.000820e-01 1.000756e-01 1.000690e-01 1.000622e-01 1.000553e-01 1.000486e-01 1.000420e-01 1.000357e-01 1.000298e-01 1.000244e-01 1.000194e-01 1.000149e-01 1.000110e-01 1.000076e-01 1.000047e-01 1.000023e-01 1.000004e-01 9.999890e-02 9.999779e-02 9.999702e-02 9.999655e-02 9.999631e-02 9.999628e-02 9.999641e-02 9.999666e-02 9.999698e-02 9.999736e-02 9.999777e-02 9.999818e-02 9.999857e-02 9.999894e-02 9.999926e-02 9.999953e-02 9.999975e-02 9.999991e-02 1.000000e-01 
9.999989e-02 9.999985e-02 9.999975e-02 9.999957e-02 9.999933e-02 9.999903e-02 9.999868e-02 9.999830e-02 9.999789e-02 9.999747e-02 9.999708e-02 9.999673e-02 9.999647e-02 9.999631e-02 9.999632e-02 9.999653e-02 9.999699e-02 9.999776e-02 9.999887e-02 1.000004e-01 1.000024e-01 1.000048e-01 1.000078e-01 1.000114e-01 1.000155e-01 1.000201e-01 1.000254e-01 1.000311e-01 1.000373e-01 1.000439e-01 1.000508e-01 1.000579e-01 1.000650e-01 1.000721e-01 1.000789e-01 1.000854e-01 1.000912e-01 1.000963e-01 1.001005e-01 1.001035e-01 1.001054e-01 1.001059e-01 1.001049e-01 1.001023e-01 1.000982e-01 1.000925e-01 1.000852e-01 1.000764e-01 1.000662e-01 1.000547e-01 1.000422e-01 1.000289e-01 1.000149e-01 1.000006e-01 9.998618e-02 9.997201e-02 9.995835e-02 9.994550e-02 9.993372e-02 9.992328e-02 9.991440e-02 9.990728e-02 9.990207e-02 9.989890e-02 9.989784e-02 9.989890e-02 9.990207e-02 9.990728e-02 9.991440e-02 9.992328e-02 9.993372e-02 9.994550e-02 9.995835e-02 9.997201e-02 9.998618e-02 1.000006e-01 1.000149e-01 1.000289e-01 1.000422e-01 1.000547e-01 1.000662e-01 1.000764e-01 1.000852e-01 1.000925e-01 1.000982e-01 1.001023e-01 1.001049e-01 1.001059e-01 1.001054e-01 1.001035e-01 1.001005e-01 1.000963e-01 1.000912e-01 1.000854e-01 1.000789e-01 1.000721e-01 1.000650e-01 1.000579e-01 1.000508e-01 1.000439e-01 1.000373e-01 1.000311e-01 1.000254e-01 1.000201e-01 1.000155e-01 1.000114e-01 1.000078e-01 1.000048e-01 1.000024e-01 1.000004e-01 9.999887e-02 9.999776e-02 9.999699e-02 9.999653e-02 9.999632e-02 9.999631e-02 9.999647e-02 9.999673e-02 9.999708e-02 9.999747e-02 9.999789e-02 9.999830e-02 9.999868e-02 9.999903e-02 9.999933e-02 9.999957e-02 9.999975e-02 9.999985e-02 
9.999971e-02 9.999967e-02 9.999955e-02 9.999936e-02 9.999910e-02 9.999878e-02 9.999841e-02 9.999801e-02 9.999760e-02 9.999719e-02 9.999683e-02 9.999654e-02 9.999636e-02 9.999633e-02 9.999651e-02 9.999695e-02 9.999769e-02 9.999880e-02 1.000003e-01 1.000023e-01 1.000048e-01 1.000079e-01 1.000115e-01 1.000158e-01 1.000206e-01 1.000261e-01 1.000321e-01 1.000386e-01 1.000455e-01 1.000527e-01 1.000600e-01 1.000675e-01 1.000748e-01 1.000818e-01 1.000882e-01 1.000940e-01 1.000988e-01 1.001025e-01 1.001048e-01 1.001057e-01 1.001048e-01 1.001021e-01 1.000975e-01 1.000908e-01 1.000821e-01 1.000714e-01 1.000587e-01 1.000442e-01 1.000280e-01 1.000104e-01 9.999149e-02 9.997166e-02 9.995124e-02 9.993055e-02 9.990997e-02 9.988988e-02 9.987065e-02 9.985266e-02 9.983626e-02 9.982177e-02 9.980949e-02 9.979967e-02 9.979251e-02 9.978815e-02 9.978668e-02 9.978815e-02 9.979251e-02 9.979967e-02 9.980949e-02 9.982177e-02 9.983626e-02 9.985266e-02 9.987065e-02 9.988988e-02 9.990997e-02 9.993055e-02 9.995124e-02 9.997166e-02 9.999149e-02 1.000104e-01 1.000280e-01 1.000442e-01 1.000587e-01 1.000714e-01 1.000821e-01 1.000908e-01 1.000975e-01 1.001021e-01 1.001048e-01 1.001057e-01 1.001048e-01 1.001025e-01 1.000988e-01 1.000940e-01 1.000882e-01 1.000818e-01 1.000748e-01 1.000675e-01 1.000600e-01 1.000527e-01 1.000455e-01 1.000386e-01 1.000321e-01 1.000261e-01 1.000206e-01 1.000158e-01 1.000115e-01 1.000079e-01 1.000048e-01 1.000023e-01 1.000003e-01 9.999880e-02 9.999769e-02 9.999695e-02 9.999651e-02 9.999633e-02 9.999636e-02 9.999654e-02 9.999683e-02 9.999719e-02 9.999760e-02 9.999801e-02 9.999841e-02 9.999878e-02 9.999910e-02 9.999936e-02 9.999955e-02 9.999967e-02 
9.999950e-02 9.999945e-02 9.999933e-02 9.999912e-02 9.999884e-02 9.999851e-02 9.999813e-02 9.999772e-02 9.999731e-02 9.999694e-02 9.999662e-02 9.999641e-02 9.999635e-02 9.999649e-02 9.999689e-02 9.999760e-02 9.999867e-02 1.000002e-01 1.000022e-01 1.000047e-01 1.000078e-01 1.000115e-01 1.000159e-01 1.000209e-01 1.000265e-01 1.000327e-01 1.000395e-01 1.000466e-01 1.000541e-01 1.000618e-01 1.000695e-01 1.000770e-01 1.000841e-01 1.000906e-01 1.000962e-01 1.001007e-01 1.001039e-01 1.001054e-01 1.001051e-01 1.001027e-01 1.000980e-01 1.000910e-01 1.000814e-01 1.000693e-01 1.000547e-01 1.000375e-01 1.000179e-01 9.999607e-02 9.997224e-02 9.994669e-02 9.991977e-02 9.989184e-02 9.986335e-02 9.983474e-02 9.980648e-02 9.977905e-02 9.975294e-02 9.972861e-02 9.970651e-02 9.968705e-02 9.967060e-02 9.965746e-02 9.964789e-02 9.964207e-02 9.964012e-02 9.964207e-02 9.964789e-02 9.965746e-02 9.967060e-02 9.968705e-02 9.970651e-02 9.972861e-02 9.975294e-02 9.977905e-02 9.980648e-02 9.983474e-02 9.986335e-02 9.989184e-02 9.991977e-02 9.994669e-02 9.997224e-02 9.999607e-02 1.000179e-01 1.000375e-01 1.000547e-01 1.000693e-01 1.000814e-01 1.000910e-01 1.000980e-01 1.001027e-01 1.001051e-01 1.001054e-01 1.001039e-01 1.001007e-01 1.000962e-01 1.000906e-01 1.000841e-01 1.000770e-01 1.000695e-01 1.000618e-01 1.000541e-01 1.000466e-01 1.000395e-01 1.000327e-01 1.000265e-01 1.000209e-01 1.000159e-01 1.000115e-01 1.000078e-01 1.000047e-01 1.000022e-01 1.000002e-01 9.999867e-02 9.999760e-02 9.999689e-02 9.999649e-02 9.999635e-02 9.999641e-02 9.999662e-02 9.999694e-02 9.999731e-02 9.999772e-02 9.999813e-02 9.999851e-02 9.999884e-02 9.999912e-02 9.999933e-02 9.999945e-02 
9.999925e-02 9.999920e-02 9.999907e-02 9.999885e-02 9.999856e-02 9.999822e-02 9.999783e-02 9.999743e-02 9.999705e-02 9.999672e-02 9.999648e-02 9.999638e-02 9.999648e-02 9.999682e-02 9.999748e-02 9.999851e-02 9.999998e-02 1.000019e-01 1.000045e-01 1.000076e-01 1.000114e-01 1.000158e-01 1.000209e-01 1.000267e-01 1.000331e-01 1.000400e-01 1.000474e-01 1.000552e-01 1.000631e-01 1.000710e-01 1.000787e-01 1.000860e-01 1.000925e-01 1.000979e-01 1.001021e-01 1.001047e-01 1.001053e-01 1.001037e-01 1.000997e-01 1.000929e-01 1.000832e-01 1.000705e-01 1.000546e-01 1.000354e-01 1.000131e-01 9.998771e-02 9.995939e-02 9.992840e-02 9.989504e-02 9.985971e-02 9.982285e-02 9.978495e-02 9.974655e-02 9.970823e-02 9.967058e-02 9.963421e-02 9.959973e-02 9.956771e-02 9.953870e-02 9.951322e-02 9.949171e-02 9.947457e-02 9.946209e-02 9.945452e-02 9.945197e-02 9.945452e-02 9.946209e-02 9.947457e-02 9.949171e-02 9.951322e-02 9.953870e-02 9.956771e-02 9.959973e-02 9.963421e-02 9.967058e-02 9.970823e-02 9.974655e-02 9.978495e-02 9.982285e-02 9.985971e-02 9.989504e-02 9.992840e-02 9.995939e-02 9.998771e-02 1.000131e-01 1.000354e-01 1.000546e-01 1.000705e-01 1.000832e-01 1.000929e-01 1.000997e-01 1.001037e-01 1.001053e-01 1.001047e-01 1.001021e-01 1.000979e-01 1.000925e-01 1.000860e-01 1.000787e-01 1.000710e-01 1.000631e-01 1.000552e-01 1.000474e-01 1.000400e-01 1.000331e-01 1.000267e-01 1.000209e-01 1.000158e-01 1.000114e-01 1.000076e-01 1.000045e-01 1.000019e-01 9.999998e-02 9.999851e-02 9.999748e-02 9.999682e-02 9.999648e-02 9.999638e-02 9.999648e-02 9.999672e-02 9.999705e-02 9.999743e-02 9.999783e-02 9.999822e-02 9.999856e-02 9.999885e-02 9.999907e-02 9.999920e-02 
